"report-def-0-rfile"
"Time Step" "report-def-0 etc.."
("Time Step" "report-def-0" "flow-time")
0 0 0
1 -0.003516246564686298 0.01
2 -0.006773810833692551 0.02
3 -0.008035567589104176 0.03
4 -0.009207440540194511 0.04
5 -0.01021318417042494 0.05
6 -0.01117017958313227 0.06
7 -0.01213996019214392 0.07000000000000001
8 -0.01315152831375599 0.08
9 -0.01422575023025274 0.09
10 -0.015382737852633 0.1
11 -0.01663891598582268 0.11
12 -0.01798823103308678 0.12
13 -0.01941243372857571 0.13
14 -0.0208771713078022 0.14
15 -0.02233884111046791 0.15
16 -0.0237602349370718 0.16
17 -0.02511710301041603 0.17
18 -0.02639189176261425 0.18
19 -0.02758289501070976 0.19
20 -0.02868361212313175 0.2
21 -0.02970543317496777 0.21
22 -0.03065937571227551 0.22
23 -0.031546700745821 0.23
24 -0.03234847262501717 0.24
25 -0.03307968378067017 0.25
26 -0.03368523344397545 0.26
27 -0.03417635709047318 0.27
28 -0.03454317152500153 0.28
29 -0.03480784967541695 0.29
30 -0.03495711460709572 0.3
31 -0.03505070880055428 0.31
32 -0.03503626585006714 0.32
33 -0.03492087870836258 0.33
34 -0.03471480309963226 0.34
35 -0.03443951159715652 0.35
36 -0.03410369530320168 0.36
37 -0.03382272645831108 0.37
38 -0.03344749286770821 0.38
39 -0.03314016759395599 0.39
40 -0.03271368145942688 0.4
41 -0.03238255903124809 0.41
42 -0.03191071003675461 0.42
43 -0.03155892714858055 0.43
44 -0.03107862174510956 0.44
45 -0.03072229214012623 0.45
46 -0.03022057749330997 0.46
47 -0.02985714748501778 0.47
48 -0.02952578105032444 0.48
49 -0.02902964502573013 0.49
50 -0.02866255864500999 0.5
51 -0.02814441360533237 0.51
52 -0.02776778303086758 0.52
53 -0.02723341248929501 0.53
54 -0.02684905007481575 0.54
55 -0.0264957882463932 0.55
56 -0.02595389448106289 0.5600000000000001
57 -0.02556432038545609 0.5700000000000001
58 -0.02520614489912987 0.58
59 -0.02485392056405544 0.59
60 -0.02429947257041931 0.6
61 -0.02390356548130512 0.61
62 -0.02354270219802856 0.62
63 -0.0231862124055624 0.63
64 -0.02283089607954025 0.64
65 -0.02247592993080616 0.65
66 -0.02191243693232536 0.66
67 -0.02151572704315186 0.67
68 -0.02115430124104023 0.68
69 -0.02079797722399235 0.6900000000000001
70 -0.02044322341680527 0.7000000000000001
71 -0.02008927054703236 0.71
72 -0.01973615027964115 0.72
73 -0.01938429474830627 0.73
74 -0.01903380267322063 0.74
75 -0.0186853539198637 0.75
76 -0.01833905652165413 0.76
77 -0.01799472235143185 0.77
78 -0.0176524892449379 0.78
79 -0.01731257326900959 0.79
80 -0.01697517745196819 0.8
81 -0.01664065010845661 0.8100000000000001
82 -0.01630872488021851 0.8200000000000001
83 -0.01597905158996582 0.8300000000000001
84 -0.01565144211053848 0.84
85 -0.01532617956399918 0.85
86 -0.01500374358147383 0.86
87 -0.01468404103070498 0.87
88 -0.0143668046221137 0.88
89 -0.0140520129352808 0.89
90 -0.01373972650617361 0.9
91 -0.01342994812875986 0.91
92 -0.01312281657010317 0.92
93 -0.01281847339123487 0.93
94 -0.01251682266592979 0.9400000000000001
95 -0.01221784763038158 0.9500000000000001
96 -0.01192165073007345 0.96
97 -0.01162830740213394 0.97
98 -0.01133789587765932 0.98
99 -0.01105041801929474 0.99
100 -0.01076601445674896 1
101 -0.01048454083502293 1.01
102 -0.01020606700330973 1.02
103 -0.00993076991289854 1.03
104 -0.009658918716013432 1.04
105 -0.009390600956976414 1.05
106 -0.009125983342528343 1.06
107 -0.008865110576152802 1.07
108 -0.008608001284301281 1.08
109 -0.008354662917554379 1.09
110 -0.008105073124170303 1.1
111 -0.007859333418309689 1.11
112 -0.007617607247084379 1.12
113 -0.007379988674074411 1.13
114 -0.007146377582103014 1.14
115 -0.006916839629411697 1.15
116 -0.006691482849419117 1.16
117 -0.006470340304076672 1.17
118 -0.006253445520997047 1.18
119 -0.006040925625711679 1.19
120 -0.00583284255117178 1.2
121 -0.005629239603877068 1.21
122 -0.005430046003311872 1.22
123 -0.005235093180090189 1.23
124 -0.005044248420745134 1.24
125 -0.004857263062149286 1.25
126 -0.004673962015658617 1.26
127 -0.004494225140661001 1.27
128 -0.004317969549447298 1.28
129 -0.004145164042711258 1.29
130 -0.003975861705839634 1.3
131 -0.003809893503785133 1.31
132 -0.003647185629233718 1.32
133 -0.003487735288217664 1.33
134 -0.003331600688397884 1.34
135 -0.003178841900080442 1.35
136 -0.003029309911653399 1.36
137 -0.002884247340261936 1.37
138 -0.002741035306826234 1.38
139 -0.00260061165317893 1.39
140 -0.002463026903569698 1.4
141 -0.00232841051183641 1.41
142 -0.002196949440985918 1.42
143 -0.002068754751235247 1.43
144 -0.001943830866366625 1.44
145 -0.001822190009988844 1.45
146 -0.001703828223980963 1.46
147 -0.001588622108101845 1.47
148 -0.001476442324928939 1.48
149 -0.001367106917314231 1.49
150 -0.001260398654267192 1.5
151 -0.001156061887741089 1.51
152 -0.001053687301464379 1.52
153 -0.0009529568487778306 1.53
154 -0.0008536824607290328 1.54
155 -0.000755770190153271 1.55
156 -0.0006592149729840457 1.56
157 -0.0005642672767862678 1.57
158 -0.0004710983484983444 1.58
159 -0.00037979512126185 1.59
160 -0.0002904145803768188 1.6
161 -0.0002029591851169243 1.61
162 -0.0001174018616438843 1.62
163 -3.368951729498804e-05 1.63
164 4.821241600438952e-05 1.64
165 0.0001283643068745732 1.65
166 0.0002068749599857256 1.66
167 0.0002838486107066274 1.67
168 0.0003593927249312401 1.68
169 0.000433527457062155 1.69
170 0.000506286567542702 1.7
171 0.0005777450860477984 1.71
172 0.0006479593575932086 1.72
173 0.0007170372409746051 1.73
174 0.0007850348483771086 1.74
175 0.0008519805851392448 1.75
176 0.0009178808541037142 1.76
177 0.0009827179601415992 1.77
178 0.001046457327902317 1.78
179 0.001108903903514147 1.79
180 0.001170083065517247 1.8
181 0.001230070251040161 1.81
182 0.00128891272470355 1.82
183 0.001346617355011404 1.83
184 0.001403228496201336 1.84
185 0.00145881692878902 1.85
186 0.001513455295935273 1.86
187 0.001567217637784779 1.87
188 0.001620173919945955 1.88
189 0.0016723673325032 1.89
190 0.001723820809274912 1.9
191 0.001774537842720747 1.91
192 0.001824415754526854 1.92
193 0.001873371424153447 1.93
194 0.001921366900205612 1.94
195 0.00196838891133666 1.95
196 0.002014478202909231 1.96
197 0.002059624530375004 1.97
198 0.002103811362758279 1.98
199 0.002147011458873749 1.99
200 0.002189203165471554 2
201 0.002230374375358224 2.01
202 0.002270516008138657 2.02
203 0.00230965786613524 2.03
204 0.002347856760025024 2.04
205 0.00238514319062233 2.05
206 0.002421547658741474 2.06
207 0.002457076217979193 2.07
208 0.002491726540029049 2.08
209 0.002525488380342722 2.09
210 0.002558387815952301 2.1
211 0.00259040598757565 2.11
212 0.002621460240334272 2.12
213 0.002651496790349483 2.13
214 0.00268045742996037 2.14
215 0.002708288375288248 2.15
216 0.002734890440478921 2.16
217 0.00276022613979876 2.17
218 0.002784300828352571 2.18
219 0.002807134296745062 2.19
220 0.002828750293701887 2.2
221 0.002849138109013438 2.21
222 0.002868271665647626 2.22
223 0.002886146306991577 2.23
224 0.002902769716456532 2.24
225 0.00291815516538918 2.25
226 0.002932328265160322 2.26
227 0.002945405663922429 2.27
228 0.00295744207687676 2.28
229 0.002968467306345701 2.29
230 0.002978490432724357 2.3
231 0.002987508662045002 2.31
232 0.002995464019477367 2.32
233 0.003002312267199159 2.33
234 0.00300802756100893 2.34
235 0.003012601286172867 2.35
236 0.003016062546521425 2.36
237 0.00301846768707037 2.37
238 0.003019894706085324 2.38
239 0.003020441858097911 2.39
240 0.003020176896825433 2.4
241 0.003019131720066071 2.41
242 0.003017347073182464 2.42
243 0.003014863701537251 2.43
244 0.003011727938428521 2.44
245 0.003008006606251001 2.45
246 0.003003772580996156 2.46
247 0.002999088494107127 2.47
248 0.002993999281898141 2.48
249 0.002988541265949607 2.49
250 0.002982745878398418 2.5
251 0.002976650139316916 2.51
252 0.002970300614833832 2.52
253 0.002963754814118147 2.53
254 0.00295708142220974 2.54
255 0.002950377762317657 2.55
256 0.002943701343610883 2.56
257 0.002937110606580973 2.57
258 0.002930679591372609 2.58
259 0.002924487460404634 2.59
260 0.002918601268902421 2.6
261 0.002913083415478468 2.61
262 0.002907996764406562 2.62
263 0.002903403015807271 2.63
264 0.002899362239986658 2.64
265 0.002895930083468556 2.65
266 0.002893162658438087 2.66
267 0.002891094190999866 2.67
268 0.002889815252274275 2.68
269 0.002889357740059495 2.69
270 0.00288977287709713 2.7
271 0.002891110954806209 2.71
272 0.002893422264605761 2.72
273 0.00289675104431808 2.73
274 0.002901142230257392 2.74
275 0.002906637964770198 2.75
276 0.002913274336606264 2.76
277 0.00292108696885407 2.77
278 0.00293010426685214 2.78
279 0.002940352773293853 2.79
280 0.002951854607090354 2.8
281 0.002964630024507642 2.81
282 0.00297869392670691 2.82
283 0.002994057489559054 2.83
284 0.003010727930814028 2.84
285 0.003028705948963761 2.85
286 0.003047988750040531 2.86
287 0.003068567952141166 2.87
288 0.003090425161644816 2.88
289 0.003113537793979049 2.89
290 0.003137968946248293 2.9
291 0.003163520013913512 2.91
292 0.003190243616700172 2.92
293 0.003218114841729403 2.93
294 0.003247077576816082 2.94
295 0.00327709224075079 2.95
296 0.003308108076453209 2.96
297 0.003340075258165598 2.97
298 0.00337293790653348 2.98
299 0.003406636649742723 2.99
300 0.003441103035584092 3
301 0.003476268611848354 3.01
302 0.003512063296511769 3.02
303 0.003548406297340989 3.03
304 0.00358521263115108 3.04
305 0.003622394520789385 3.05
306 0.003659865586087108 3.06
307 0.003697537584230304 3.07
308 0.00373532110825181 3.08
309 0.003773125354200602 3.09
310 0.003810854628682137 3.1
311 0.003848409978672862 3.11
312 0.00388568895868957 3.12
313 0.00392258632928133 3.13
314 0.003958997782319784 3.14
315 0.003994819242507219 3.15
316 0.004029951058328152 3.16
317 0.004064295906573534 3.17
318 0.004097757395356894 3.18
319 0.004130243323743343 3.19
320 0.004161657765507698 3.2
321 0.004191907122731209 3.21
322 0.004220896866172552 3.22
323 0.004248525481671095 3.23
324 0.004274704027920961 3.24
325 0.004299341235309839 3.25
326 0.004322349093854427 3.26
327 0.004343645647168159 3.27
328 0.00436314893886447 3.28
329 0.004380784463137388 3.29
330 0.004396482836455107 3.3
331 0.004410166759043932 3.31
332 0.004421774763613939 3.32
333 0.004431257490068674 3.33
334 0.004438566043972969 3.34
335 0.004443651530891657 3.35
336 0.004446486476808786 3.36
337 0.004447054583579302 3.37
338 0.004445342812687159 3.38
339 0.004441334400326014 3.39
340 0.004434995353221893 3.4
341 0.004426328465342522 3.41
342 0.004415344912558794 3.42
343 0.004402062855660915 3.43
344 0.004386503715068102 3.44
345 0.004368693567812443 3.45
346 0.004348655231297016 3.46
347 0.004326423164457083 3.47
348 0.004302056506276131 3.48
349 0.004275648854672909 3.49
350 0.004247280769050121 3.5
351 0.004217008594423532 3.51
352 0.00418492965400219 3.52
353 0.004151123110204935 3.53
354 0.004115697462111712 3.54
355 0.004078769125044346 3.55
356 0.004040319472551346 3.56
357 0.004000736400485039 3.57
358 0.003959801979362965 3.58
359 0.003917951136827469 3.59
360 0.003875010181218386 3.6
361 0.003831380745396018 3.61
362 0.003786933608353138 3.62
363 0.003742075059562922 3.63
364 0.003696729196235538 3.64
365 0.003651269478723407 3.65
366 0.003605689154937863 3.66
367 0.0035603535361588 3.67
368 0.003515306860208511 3.68
369 0.003470751224085689 3.69
370 0.003426928073167801 3.7
371 0.003383977338671684 3.71
372 0.003342060837894678 3.72
373 0.003301339456811547 3.73
374 0.003261973615735769 3.74
375 0.003224117215722799 3.75
376 0.003187929978594184 3.76
377 0.003153569297865033 3.77
378 0.00312119978480041 3.78
379 0.003090986050665379 3.79
380 0.003063081298023462 3.8
381 0.003037638729438186 3.81
382 0.003014802699908614 3.82
383 0.002994724083691835 3.83
384 0.002977532567456365 3.84
385 0.002963350620120764 3.85
386 0.002952295355498791 3.86
387 0.002944592153653502 3.87
388 0.002940054284408689 3.88
389 0.002939098747447133 3.89
390 0.00294149131514132 3.9
391 0.002947626868262887 3.91
392 0.002957404591143131 3.92
393 0.002970903646200895 3.93
394 0.002988165011629462 3.94
395 0.003009238978847861 3.95
396 0.003034153953194618 3.96
397 0.003062918782234192 3.97
398 0.003095537656918168 3.98
399 0.003132005454972386 3.99
400 0.003172290744259953 4
401 0.003216358367353678 4.01
402 0.003264145692810416 4.02
403 0.003315590787678957 4.03
404 0.003370629623532295 4.04
405 0.003429161850363016 4.05
406 0.003491072449833155 4.06
407 0.00355625175870955 4.07
408 0.003624679520726204 4.08
409 0.003696028375998139 4.09
410 0.003770286915823817 4.1
411 0.003847155952826142 4.11
412 0.003926476463675499 4.12
413 0.004008024465292692 4.13
414 0.004091634880751371 4.14
415 0.004177199210971594 4.15
416 0.004264343529939651 4.16
417 0.004352833610028028 4.17
418 0.004442401695996523 4.18
419 0.004532825667411089 4.19
420 0.004623856861144304 4.2
421 0.004756094422191381 4.21
422 0.004854670725762844 4.22
423 0.004946540109813213 4.23
424 0.005095559637993574 4.24
425 0.00519443629309535 4.25
426 0.005282522179186344 4.26
427 0.005367165897041559 4.27
428 0.005503201391547918 4.28
429 0.005590885411947966 4.29
430 0.005667091812938452 4.3
431 0.00578570319339633 4.31
432 0.005859321914613247 4.32
433 0.005921364296227694 4.33
434 0.006015026941895485 4.34
435 0.006069826427847147 4.350000000000001
436 0.006141909398138523 4.36
437 0.006180281285196543 4.37
438 0.006226071156561375 4.38
439 0.006245999131351709 4.39
440 0.006263870745897293 4.4
441 0.006264595314860344 4.41
442 0.006252310238778591 4.42
443 0.006231662817299366 4.43
444 0.006186724174767733 4.44
445 0.006144549697637558 4.45
446 0.006064047571271658 4.46
447 0.005999341607093811 4.47
448 0.005884300917387009 4.48
449 0.005797805730253458 4.49
450 0.005649494472891092 4.5
451 0.005542370025068521 4.51
452 0.005362525582313538 4.52
453 0.005236271768808365 4.53
454 0.005028093699365854 4.54
455 0.004885089583694935 4.55
456 0.004652825649827719 4.56
457 0.00449600163847208 4.57
458 0.00424403278157115 4.58
459 0.004076660145074129 4.59
460 0.003803482744842768 4.600000000000001
461 0.003627424361184239 4.61
462 0.003345252480357885 4.62
463 0.003166456241160631 4.63
464 0.002882963512092829 4.64
465 0.00270600407384336 4.65
466 0.002427550731226802 4.66
467 0.002256640000268817 4.67
468 0.001990699209272861 4.68
469 0.001830696710385382 4.69
470 0.001585109042935073 4.7
471 0.001326909172348678 4.71
472 0.001084331190213561 4.72
473 0.0008693283889442682 4.73
474 0.000688590167555958 4.74
475 0.0005463094566948712 4.75
476 0.0004461269709281623 4.76
477 0.0003916208515875041 4.77
478 0.0003854434180539101 4.78
479 0.0004295980033930391 4.79
480 0.0005260815378278494 4.8
481 0.0006762395496480167 4.81
482 0.0008800856303423643 4.82
483 0.001136096892878413 4.83
484 0.001442009815946221 4.84
485 0.001794472802430391 4.850000000000001
486 0.002189469989389181 4.86
487 0.002622540574520826 4.87
488 0.00308788544498384 4.88
489 0.003580109216272831 4.89
490 0.00409271102398634 4.9
491 0.004616778343915939 4.91
492 0.005143650341778994 4.92
493 0.005669865757226944 4.93
494 0.006180607713758945 4.94
495 0.006670802365988493 4.95
496 0.007129166275262833 4.96
497 0.007547736633569002 4.97
498 0.007919359020888805 4.98
499 0.008237309753894806 4.99
500 0.00849393755197525 5
501 0.008684801869094372 5.01
502 0.008803829550743103 5.02
503 0.008845912292599678 5.03
504 0.008806291967630386 5.04
505 0.008680998347699642 5.05
506 0.008470162749290466 5.06
507 0.008176607079803944 5.07
508 0.007794026751071215 5.08
509 0.007327734492719173 5.09
510 0.006782509852200747 5.100000000000001
511 0.006160958204418421 5.11
512 0.005468954797834158 5.12
513 0.004713690839707851 5.13
514 0.003897411515936255 5.14
515 0.003024543169885874 5.15
516 0.002109229797497392 5.16
517 0.001160123967565596 5.17
518 0.0001885778328869492 5.18
519 -0.0007931539439596236 5.19
520 -0.001773333759047091 5.2
521 -0.002738921204581857 5.21
522 -0.00367804104462266 5.22
523 -0.004566949792206287 5.23
524 -0.005389110185205936 5.24
525 -0.006143154576420784 5.25
526 -0.006817910354584455 5.26
527 -0.007403159979730844 5.27
528 -0.007887291721999645 5.28
529 -0.00825550127774477 5.29
530 -0.0084948455914855 5.3
531 -0.008593945764005184 5.31
532 -0.008542542345821857 5.32
533 -0.008337227627635002 5.33
534 -0.007975486107170582 5.34
535 -0.007458539213985205 5.350000000000001
536 -0.006794821005314589 5.36
537 -0.005988626275211573 5.37
538 -0.005054660141468048 5.38
539 -0.004007766023278236 5.39
540 -0.002864071866497397 5.4
541 -0.001645638141781092 5.41
542 -0.0003790441260207444 5.42
543 0.0009107813239097595 5.43
544 0.002201481023803353 5.44
545 0.003473473712801933 5.45
546 0.004698676988482475 5.46
547 0.005844097584486008 5.47
548 0.00688400212675333 5.48
549 0.007802555337548256 5.49
550 0.008581997826695442 5.5
551 0.00921382661908865 5.51
552 0.009681637398898602 5.52
553 0.009973596781492233 5.53
554 0.01007586345076561 5.54
555 0.009973038919270039 5.55
556 0.009654374793171883 5.56
557 0.009122501127421856 5.57
558 0.008390156552195549 5.58
559 0.007460697554051876 5.59
560 0.00634682597592473 5.600000000000001
561 0.005057493224740028 5.61
562 0.00360707682557404 5.62
563 0.00201271683908999 5.63
564 0.000302960688713938 5.64
565 -0.001499865436926484 5.65
566 -0.003369302256032825 5.66
567 -0.005281980149447918 5.67
568 -0.007224030327051878 5.68
569 -0.009168591350317001 5.69
570 -0.01112001203000546 5.7
571 -0.01307127345353365 5.71
572 -0.01496199984103441 5.72
573 -0.01674287207424641 5.73
574 -0.01835429482161999 5.74
575 -0.01978037692606449 5.75
576 -0.02099326811730862 5.76
577 -0.02193727530539036 5.77
578 -0.02262318134307861 5.78
579 -0.02303773537278175 5.79
580 -0.0231602881103754 5.8
581 -0.02297134697437286 5.81
582 -0.02245467342436314 5.82
583 -0.02160605229437351 5.83
584 -0.02042837254703045 5.84
585 -0.01893847621977329 5.850000000000001
586 -0.01716940104961395 5.86
587 -0.01516707520931959 5.87
588 -0.0129702715203166 5.88
589 -0.01063121203333139 5.89
590 -0.008184042759239674 5.9
591 -0.005685338284820318 5.91
592 -0.00318651762790978 5.92
593 -0.0007511473377235234 5.93
594 0.001555958762764931 5.94
595 0.003674932755529881 5.95
596 0.005556943360716105 5.96
597 0.007175814360380173 5.97
598 0.008493403904139996 5.98
599 0.009477864950895309 5.99
600 0.01012629270553589 6
601 0.01040590554475784 6.01
602 0.01030075643211603 6.02
603 0.009800204075872898 6.03
604 0.008913129568099976 6.04
605 0.007664923556149006 6.05
606 0.006068142130970955 6.06
607 0.004159587435424328 6.07
608 0.001970451325178146 6.08
609 -0.0004523180541582406 6.09
610 -0.003061572322621942 6.100000000000001
611 -0.005818495526909828 6.11
612 -0.008678117766976357 6.12
613 -0.01158345490694046 6.13
614 -0.01448118221014738 6.140000000000001
615 -0.01731738448143005 6.15
616 -0.02004985697567463 6.16
617 -0.02263718843460083 6.17
618 -0.02510066330432892 6.18
619 -0.02739840932190418 6.19
620 -0.02945946902036667 6.2
621 -0.03118815645575523 6.21
622 -0.03254394233226776 6.22
623 -0.03350749239325523 6.23
624 -0.03400679305195808 6.24
625 -0.03407565504312515 6.25
626 -0.03371911868453026 6.26
627 -0.03294631093740463 6.27
628 -0.03174734860658646 6.28
629 -0.03010524250566959 6.29
630 -0.02802353352308273 6.3
631 -0.02553486824035645 6.31
632 -0.02269621007144451 6.32
633 -0.01960531249642372 6.33
634 -0.0163313914090395 6.34
635 -0.01293120533227921 6.350000000000001
636 -0.009446205571293831 6.36
637 -0.005956049542874098 6.37
638 -0.002558796666562557 6.38
639 0.0006232073646970093 6.390000000000001
640 0.003486758330836892 6.4
641 0.005965328775346279 6.41
642 0.007999778725206852 6.42
643 0.009567752480506897 6.43
644 0.01066391821950674 6.44
645 0.01124974060803652 6.45
646 0.01126070134341717 6.46
647 0.01067583635449409 6.47
648 0.009537777863442898 6.48
649 0.007890087552368641 6.49
650 0.00577750988304615 6.5
651 0.003252820344641805 6.51
652 0.0003779577964451164 6.52
653 -0.002774751977995038 6.53
654 -0.006124869920313358 6.54
655 -0.00960185844451189 6.55
656 -0.01314183603972197 6.56
657 -0.01668547093868256 6.57
658 -0.02014921605587006 6.58
659 -0.02345587499439716 6.59
660 -0.02655340544879436 6.600000000000001
661 -0.02940031141042709 6.61
662 -0.03194672614336014 6.62
663 -0.03429387509822845 6.63
664 -0.0363282710313797 6.640000000000001
665 -0.03795672953128815 6.65
666 -0.03911512345075607 6.66
667 -0.03978194296360016 6.67
668 -0.03989346697926521 6.68
669 -0.0394989512860775 6.69
670 -0.03861846402287483 6.7
671 -0.03727298974990845 6.71
672 -0.03545723482966423 6.72
673 -0.03315349668264389 6.73
674 -0.03036919236183167 6.74
675 -0.0271530244499445 6.75
676 -0.02359862066805363 6.76
677 -0.01980640739202499 6.77
678 -0.01586143858730793 6.78
679 -0.0118255503475666 6.79
680 -0.007758454885333776 6.8
681 -0.003770273411646485 6.81
682 -1.486489509261446e-05 6.82
683 0.003361749928444624 6.83
684 0.006257080938667059 6.84
685 0.008593453094363213 6.850000000000001
686 0.01036404352635145 6.86
687 0.01153281051665545 6.87
688 0.01205786690115929 6.88
689 0.0118629215285182 6.890000000000001
690 0.01094776019454002 6.9
691 0.009385950863361359 6.91
692 0.007253200747072697 6.92
693 0.004618913866579533 6.93
694 0.001553671667352319 6.94
695 -0.001856303424574435 6.95
696 -0.00551544688642025 6.96
697 -0.00933102797716856 6.97
698 -0.01321929972618818 6.98
699 -0.01710116304457188 6.99
700 -0.02091632224619389 7
701 -0.02456614933907986 7.01
702 -0.02797305025160313 7.02
703 -0.03107822500169277 7.03
704 -0.03385135903954506 7.04
705 -0.03627203032374382 7.05
706 -0.03842901065945625 7.06
707 -0.04021314531564713 7.07
708 -0.04152499884366989 7.08
709 -0.04231966659426689 7.09
710 -0.042569849640131 7.100000000000001
711 -0.04224240779876709 7.11
712 -0.04139566048979759 7.12
713 -0.0400458499789238 7.13
714 -0.03821618109941483 7.140000000000001
715 -0.03589154407382011 7.15
716 -0.03305866569280624 7.16
717 -0.02974289283156395 7.17
718 -0.02602027170360088 7.18
719 -0.02199945785105228 7.19
720 -0.01779724657535553 7.2
721 -0.0134848253801465 7.21
722 -0.00911897886544466 7.22
723 -0.004799336194992065 7.23
724 -0.0006972407572902739 7.24
725 0.003015664871782064 7.25
726 0.006198601331561804 7.26
727 0.008765289559960365 7.27
728 0.01069964561611414 7.28
729 0.01196965761482716 7.29
730 0.01252748910337687 7.3
731 0.012278170324862 7.31
732 0.01124139409512281 7.32
733 0.009507626295089722 7.33
734 0.007168443873524666 7.34
735 0.004308906383812428 7.350000000000001
736 0.001006895792670548 7.36
737 -0.002642533974722028 7.37
738 -0.006528896279633045 7.38
739 -0.010553864762187 7.390000000000001
740 -0.01462523080408573 7.4
741 -0.01865812577307224 7.41
742 -0.02259371243417263 7.42
743 -0.02632283046841621 7.43
744 -0.02977178059518337 7.44
745 -0.0328851118683815 7.45
746 -0.03562840074300766 7.46
747 -0.03799137100577354 7.47
748 -0.04006841033697128 7.48
749 -0.04175526648759842 7.49
750 -0.04295234754681587 7.5
751 -0.04361800104379654 7.51
752 -0.0437202975153923 7.52
753 -0.04323748126626015 7.53
754 -0.04222773015499115 7.54
755 -0.04070954397320747 7.55
756 -0.03870381787419319 7.56
757 -0.03619217872619629 7.57
758 -0.0331612229347229 7.58
759 -0.02963973581790924 7.59
760 -0.0257189255207777 7.600000000000001
761 -0.02151376381516457 7.61
762 -0.01714283227920532 7.62
763 -0.01266949437558651 7.63
764 -0.008156961761415005 7.640000000000001
765 -0.003731221426278353 7.65
766 0.0004259720153640956 7.66
767 0.004126215819269419 7.67
768 0.007238523103296757 7.68
769 0.009654458612203598 7.69
770 0.01143324747681618 7.7
771 0.0125001072883606 7.71
772 0.01277056615799665 7.72
773 0.01218006946146488 7.73
774 0.01081044506281614 7.74
775 0.008759909309446812 7.75
776 0.006123303901404142 7.76
777 0.002982175210490823 7.77
778 -0.0005705810035578907 7.78
779 -0.004430781118571758 7.79
780 -0.008481261320412159 7.8
781 -0.0126269506290555 7.81
782 -0.01677299477159977 7.82
783 -0.02084134891629219 7.83
784 -0.02475380524992943 7.84
785 -0.02842103876173496 7.850000000000001
786 -0.03176192566752434 7.86
787 -0.03472486510872841 7.87
788 -0.0373019203543663 7.88
789 -0.03954573720693588 7.890000000000001
790 -0.0414426364004612 7.9
791 -0.04291229695081711 7.91
792 -0.0438661128282547 7.92
793 -0.04427553340792656 7.930000000000001
794 -0.04408559203147888 7.94
795 -0.04333917051553726 7.95
796 -0.04206722602248192 7.96
797 -0.04029775783419609 7.97
798 -0.0380290150642395 7.98
799 -0.03523826971650124 7.99
800 -0.03193647786974907 8
801 -0.02816502749919891 8.01
802 -0.02404118701815605 8.02
803 -0.01968326419591904 8.029999999999999
804 -0.01519523747265339 8.040000000000001
805 -0.0106298578903079 8.050000000000001
806 -0.00606950931251049 8.06
807 -0.001683622598648071 8.07
808 0.002333686919882894 8.08
809 0.005809956230223179 8.09
810 0.008628310635685921 8.1
811 0.01076147612184286 8.109999999999999
812 0.01219296921044588 8.120000000000001
813 0.0128659550100565 8.130000000000001
814 0.01267907489091158 8.140000000000001
815 0.01163950096815825 8.15
816 0.009856977500021458 8.16
817 0.007435871288180351 8.17
818 0.00447505759075284 8.18
819 0.001051982748322189 8.19
820 -0.002727834274992347 8.199999999999999
821 -0.006748927757143974 8.210000000000001
822 -0.0109059102833271 8.220000000000001
823 -0.01510048564523458 8.23
824 -0.01924240589141846 8.24
825 -0.02327252365648746 8.25
826 -0.0270744301378727 8.26
827 -0.03057823143899441 8.27
828 -0.03373165056109428 8.279999999999999
829 -0.03649373725056648 8.290000000000001
830 -0.03884948417544365 8.300000000000001
831 -0.04091144353151321 8.31
832 -0.04257877543568611 8.32
833 -0.04375581815838814 8.33
834 -0.04439551383256912 8.34
835 -0.04447194188833237 8.35
836 -0.04395223408937454 8.359999999999999
837 -0.0428982712328434 8.370000000000001
838 -0.04132807999849319 8.380000000000001
839 -0.03926438465714455 8.390000000000001
840 -0.03669068589806557 8.4
841 -0.0335916131734848 8.41
842 -0.02999152801930904 8.42
843 -0.02598140202462673 8.43
844 -0.02168047800660133 8.44
845 -0.01720987632870674 8.449999999999999
846 -0.01263664104044437 8.460000000000001
847 -0.008026150055229664 8.470000000000001
848 -0.003511180635541677 8.48
849 0.0007177855586633086 8.49
850 0.004466376733034849 8.5
851 0.007596299983561039 8.51
852 0.01000649947673082 8.52
853 0.0117518613114953 8.529999999999999
854 0.01275242026895285 8.540000000000001
855 0.0129154147580266 8.550000000000001
856 0.01218816172331572 8.56
857 0.01067823823541403 8.57
858 0.008485347032546997 8.58
859 0.005712042562663555 8.59
860 0.002438659546896815 8.6
861 -0.001233833958394825 8.609999999999999
862 -0.005195020232349634 8.620000000000001
863 -0.009329231455922127 8.630000000000001
864 -0.01353928446769714 8.640000000000001
865 -0.01772860623896122 8.65
866 -0.02182222530245781 8.66
867 -0.0257337000221014 8.67
868 -0.02937822416424751 8.68
869 -0.03267892450094223 8.69
870 -0.03558617830276489 8.700000000000001
871 -0.03809703886508942 8.710000000000001
872 -0.04028146713972092 8.720000000000001
873 -0.04210099205374718 8.73
874 -0.043476901948452 8.74
875 -0.04432845115661621 8.75
876 -0.04463212937116623 8.76
877 -0.04432689398527145 8.77
878 -0.04346803203225136 8.779999999999999
879 -0.0420849397778511 8.790000000000001
880 -0.0402061901986599 8.800000000000001
881 -0.03782298043370247 8.81
882 -0.03491111472249031 8.82
883 -0.03148706257343292 8.83
884 -0.02760847471654415 8.84
885 -0.02339395135641098 8.85
886 -0.01896629109978676 8.859999999999999
887 -0.01441615074872971 8.870000000000001
888 -0.009799824096262455 8.880000000000001
889 -0.005209930241107941 8.890000000000001
890 -0.0008336649043485522 8.9
891 0.003131077159196138 8.91
892 0.006510748527944088 8.92
893 0.009195977821946144 8.93
894 0.01119968947023153 8.94
895 0.01248763781040907 8.950000000000001
896 0.01298535149544477 8.960000000000001
897 0.01258151419460773 8.970000000000001
898 0.01133818365633488 8.98
899 0.009376167319715023 8.99
900 0.006794015876948833 9
901 0.00368429534137249 9.01
902 0.0001378519664285704 9.02
903 -0.003742194967344403 9.029999999999999
904 -0.007834003306925297 9.040000000000001
905 -0.01203613076359034 9.050000000000001
906 -0.0162495244294405 9.06
907 -0.02038735523819923 9.07
908 -0.02438709139823914 9.08
