"report-def-0-rfile"
"Time Step" "report-def-0 etc.."
("Time Step" "report-def-0" "flow-time")
0 0 0
1 -0.1573412418365479 0.02
2 -0.2805753946304321 0.04
3 -0.3513707220554352 0.06
4 -0.4119333922863007 0.08
5 -0.4195651113986969 0.1
6 -0.377888560295105 0.12
7 -0.3083915114402771 0.14
8 -0.2290389984846115 0.16
9 -0.1579209864139557 0.18
10 -0.09851396083831787 0.2
11 -0.04035659506917 0.22
12 0.0156401488929987 0.24
13 0.05968334525823593 0.26
14 0.08814513683319092 0.28
15 0.1179834455251694 0.3
16 0.1692245155572891 0.32
17 0.2246579825878143 0.34
18 0.2439746409654617 0.36
19 0.2283864617347717 0.38
20 0.260749876499176 0.4
21 0.3928965330123901 0.42
22 0.4881032407283783 0.44
23 0.4186570942401886 0.46
24 0.3033515810966492 0.48
25 0.4196213781833649 0.5
26 0.7099610567092896 0.52
27 0.6383116245269775 0.54
28 0.1891970932483673 0.5600000000000001
29 0.0633515864610672 0.58
30 0.2258240133523941 0.6
31 0.2720939517021179 0.62
32 0.1930609345436096 0.64
33 0.1225920021533966 0.66
34 0.1365436911582947 0.68
35 0.1651616096496582 0.7000000000000001
36 0.1538787484169006 0.72
37 0.1366239339113235 0.74
38 0.1442861109972 0.76
39 0.1606606990098953 0.78
40 0.1637126803398132 0.8
41 0.1594402343034744 0.8200000000000001
42 0.166365921497345 0.84
43 0.1863938570022583 0.86
44 0.2039014250040054 0.88
45 0.2106397747993469 0.9
46 0.2192100286483765 0.92
47 0.2383953332901001 0.9400000000000001
48 0.2623894512653351 0.96
49 0.2605753242969513 0.98
50 0.2249079644680023 1
51 0.2066285461187363 1.02
52 0.2270482033491135 1.04
53 0.254902720451355 1.06
54 0.2493602931499481 1.08
55 0.2145606428384781 1.1
56 0.2082022279500961 1.12
57 0.233582615852356 1.14
58 0.2386628389358521 1.16
59 0.1968023627996445 1.18
60 0.156414195895195 1.2
61 0.1614410132169724 1.22
62 0.1913735419511795 1.24
63 0.1962789446115494 1.26
64 0.1762735694646835 1.28
65 0.1601066887378693 1.3
66 0.1613945960998535 1.32
67 0.1677175313234329 1.34
68 0.1663249284029007 1.36
69 0.1605759114027023 1.38
70 0.1597434282302856 1.4
71 0.1629710346460342 1.42
72 0.164698526263237 1.44
73 0.1638665199279785 1.46
74 0.1646401286125183 1.48
75 0.1695692539215088 1.5
76 0.1754499822854996 1.52
77 0.1773803383111954 1.54
78 0.1775656044483185 1.56
79 0.1827612966299057 1.58
80 0.1924372464418411 1.6
81 0.1982094794511795 1.62
82 0.1955521255731583 1.64
83 0.1902911067008972 1.66
84 0.1898364871740341 1.68
85 0.1894784867763519 1.7
86 0.1807505786418915 1.72
87 0.1747216582298279 1.74
88 0.1833584606647491 1.76
89 0.1980377286672592 1.78
90 0.2058030366897583 1.8
91 0.2018509954214096 1.82
92 0.1932611614465714 1.84
93 0.1890114992856979 1.86
94 0.186576634645462 1.88
95 0.178407683968544 1.9
96 0.1679803878068924 1.92
97 0.1654306799173355 1.94
98 0.1714572757482529 1.96
99 0.1757340431213379 1.98
100 0.1722605526447296 2
101 0.1667883545160294 2.02
102 0.1663911938667297 2.04
103 0.1704586446285248 2.06
104 0.1738497316837311 2.08
105 0.1740887463092804 2.1
106 0.1727222055196762 2.12
107 0.1725946366786957 2.14
108 0.1725802719593048 2.16
109 0.1715156584978104 2.18
110 0.1702520102262497 2.2
111 0.17042176425457 2.22
112 0.1718050837516785 2.24
113 0.1721764802932739 2.26
114 0.1711705029010773 2.28
115 0.171456903219223 2.3
116 0.1752460896968842 2.32
117 0.1806728839874268 2.34
118 0.1835095137357712 2.36
119 0.182883232831955 2.38
120 0.1821179240942001 2.4
121 0.183464452624321 2.42
122 0.184123307466507 2.44
123 0.1815104335546494 2.46
124 0.1775742322206497 2.48
125 0.1758943647146225 2.5
126 0.1758883595466614 2.52
127 0.1742462664842606 2.54
128 0.1718592941761017 2.56
129 0.1725093722343445 2.58
130 0.1766512095928192 2.6
131 0.1805947721004486 2.62
132 0.1812395453453064 2.64
133 0.1789509057998657 2.66
134 0.1768386960029602 2.68
135 0.1756792962551117 2.7
136 0.173548087477684 2.72
137 0.1708352565765381 2.74
138 0.1695199608802795 2.76
139 0.1702542454004288 2.78
140 0.1712631732225418 2.8
141 0.1707437485456467 2.82
142 0.1695610582828522 2.84
143 0.1699126064777374 2.86
144 0.1723333448171616 2.88
145 0.1747415363788605 2.9
146 0.1751465946435928 2.92
147 0.1738740801811218 2.94
148 0.1732088178396225 2.96
149 0.1737396568059921 2.98
150 0.1739314943552017 3
151 0.1731454282999039 3.02
152 0.1724748015403748 3.04
153 0.1728510111570358 3.06
154 0.1729049682617188 3.08
155 0.1718658804893494 3.1
156 0.1714687198400497 3.12
157 0.1734757423400879 3.14
158 0.1770352125167847 3.16
159 0.1793265044689178 3.18
160 0.1787614673376083 3.2
161 0.1766500473022461 3.22
162 0.1754332184791565 3.24
163 0.1752799451351166 3.26
164 0.1749523282051086 3.28
165 0.1740489900112152 3.3
166 0.1734748035669327 3.32
167 0.1736207008361816 3.34
168 0.1729508340358734 3.36
169 0.1714044809341431 3.38
170 0.1709591448307037 3.4
171 0.1729330867528915 3.42
172 0.1760109513998032 3.44
173 0.1775542050600052 3.46
174 0.1766519248485565 3.48
175 0.1747234761714935 3.5
176 0.1737309396266937 3.52
177 0.1733942031860352 3.54
178 0.1730037033557892 3.56
179 0.1724398136138916 3.58
180 0.1723084002733231 3.6
181 0.1724317818880081 3.62
182 0.1715136915445328 3.64
183 0.1703101247549057 3.66
184 0.1706108003854752 3.68
185 0.1730084121227264 3.7
186 0.1759213507175446 3.72
187 0.1768759936094284 3.74
188 0.1758098304271698 3.76
189 0.1746163666248322 3.78
190 0.1746752560138702 3.8
191 0.1752143651247025 3.82
192 0.1753306537866592 3.84
193 0.1747367829084396 3.86
194 0.1739159226417542 3.88
195 0.1724955588579178 3.9
196 0.1704183369874954 3.92
197 0.1695737391710281 3.94
198 0.1711185872554779 3.96
199 0.1741825193166733 3.98
200 0.1765580624341965 4
201 0.176565408706665 4.02
202 0.1753145754337311 4.04
203 0.1748819500207901 4.06
204 0.1758609414100647 4.08
205 0.1771179735660553 4.1
206 0.1775331795215607 4.12
207 0.1767656207084656 4.14
208 0.1752845495939255 4.16
209 0.1726709455251694 4.18
210 0.1700624227523804 4.2
211 0.1696827858686447 4.22
212 0.171552911400795 4.24
213 0.1738604158163071 4.26
214 0.174731969833374 4.28
215 0.1740065217018127 4.3
216 0.1734086126089096 4.32
217 0.1742973476648331 4.34
218 0.1760086417198181 4.36
219 0.176820307970047 4.38
220 0.1761193722486496 4.4
221 0.1746800392866135 4.42
222 0.1734591126441956 4.44
223 0.1718935966491699 4.46
224 0.170517697930336 4.48
225 0.1704129427671432 4.5
226 0.1715225726366043 4.52
227 0.1725679188966751 4.54
228 0.1722800731658936 4.56
229 0.1714765131473541 4.58
230 0.1718360483646393 4.600000000000001
231 0.1737605780363083 4.62
232 0.1757392734289169 4.64
233 0.1761010587215424 4.66
234 0.1749385446310043 4.68
235 0.1738330870866776 4.7
236 0.1733161509037018 4.72
237 0.1725416779518127 4.74
238 0.1716134250164032 4.76
239 0.171428382396698 4.78
240 0.1722609549760818 4.8
241 0.1728127896785736 4.82
242 0.1722896546125412 4.84
243 0.1719171553850174 4.86
244 0.173160120844841 4.88
245 0.1756864339113235 4.9
246 0.177347719669342 4.92
247 0.1768936216831207 4.94
248 0.1750579476356506 4.96
249 0.1737032532691956 4.98
250 0.1729588806629181 5
251 0.1722534745931625 5.02
252 0.1717331558465958 5.04
253 0.1719630807638168 5.06
254 0.1728090941905975 5.08
255 0.1728031039237976 5.100000000000001
256 0.1719534695148468 5.12
257 0.1718327850103378 5.14
258 0.1735719740390778 5.16
259 0.1761735081672668 5.18
260 0.1774104982614517 5.2
261 0.1765972971916199 5.22
262 0.1748795360326767 5.24
263 0.1737056523561478 5.26
264 0.1727551370859146 5.28
265 0.1718845367431641 5.3
266 0.1715375930070877 5.32
267 0.1720698773860931 5.34
268 0.1727753132581711 5.36
269 0.1723301857709885 5.38
270 0.1714541167020798 5.4
271 0.1718258708715439 5.42
272 0.1739837527275085 5.44
273 0.1764155626296997 5.46
274 0.1770931035280228 5.48
275 0.1760302931070328 5.5
276 0.1748928278684616 5.52
277 0.1746105849742889 5.54
278 0.1741727441549301 5.56
279 0.1732374131679535 5.58
280 0.1725195050239563 5.600000000000001
281 0.1727210730314255 5.62
282 0.1729193776845932 5.64
283 0.1720706522464752 5.66
284 0.1713797152042389 5.68
285 0.17242631316185 5.7
286 0.1749882400035858 5.72
287 0.1769972741603851 5.74
288 0.1767906546592712 5.76
289 0.1750689595937729 5.78
290 0.1737677454948425 5.8
291 0.173422560095787 5.82
292 0.1731257885694504 5.84
293 0.1725471913814545 5.86
294 0.1721634268760681 5.88
295 0.1723948270082474 5.9
296 0.1721088439226151 5.92
297 0.1710863411426544 5.94
298 0.1707850694656372 5.96
299 0.1723046153783798 5.98
300 0.1749496459960938 6
301 0.1765735000371933 6.02
302 0.1760610342025757 6.04
303 0.1743789911270142 6.06
304 0.1732060462236404 6.08
305 0.1728567183017731 6.100000000000001
306 0.1728253364562988 6.12
307 0.1726742684841156 6.140000000000001
308 0.1725356876850128 6.16
309 0.1723611950874329 6.18
310 0.1713404208421707 6.2
311 0.1702172756195068 6.22
312 0.1706283837556839 6.24
313 0.1729197204113007 6.26
314 0.1757171154022217 6.28
315 0.1768521964550018 6.3
316 0.1761440187692642 6.32
317 0.1750434190034866 6.34
318 0.1748074144124985 6.36
319 0.1751961559057236 6.38
320 0.1755176484584808 6.4
321 0.1752128750085831 6.42
322 0.1744725853204727 6.44
323 0.172956258058548 6.46
324 0.1707121729850769 6.48
325 0.1697216629981995 6.5
326 0.171036034822464 6.52
327 0.1735709756612778 6.54
328 0.1754020601511002 6.56
329 0.1753881424665451 6.58
330 0.1747109442949295 6.600000000000001
331 0.1748900860548019 6.62
332 0.1761515140533447 6.640000000000001
333 0.177153542637825 6.66
334 0.1769920736551285 6.68
335 0.1757445782423019 6.7
336 0.1743621826171875 6.72
337 0.1724716424942017 6.74
338 0.1705538034439087 6.76
339 0.1701183766126633 6.78
340 0.1712761670351028 6.8
341 0.1728162318468094 6.82
342 0.1731763482093811 6.84
343 0.1724653542041779 6.86
344 0.172214463353157 6.88
345 0.1734466254711151 6.9
346 0.1753618121147156 6.92
347 0.1761942058801651 6.94
348 0.1753893792629242 6.96
349 0.1738902032375336 6.98
350 0.1727495640516281 7
351 0.1716584712266922 7.02
352 0.1708329916000366 7.04
353 0.1708702445030212 7.06
354 0.1717559844255447 7.08
355 0.1725884079933167 7.100000000000001
356 0.1722929924726486 7.12
357 0.1717001497745514 7.140000000000001
358 0.1723261773586273 7.16
359 0.1744840741157532 7.18
360 0.1765221208333969 7.2
361 0.1767343431711197 7.22
362 0.1753678172826767 7.24
363 0.1741328686475754 7.26
364 0.173560157418251 7.28
365 0.1728253811597824 7.3
366 0.1719449013471603 7.32
367 0.1717251390218735 7.34
368 0.1725189387798309 7.36
369 0.1730083972215652 7.38
370 0.1724043935537338 7.4
371 0.1719810664653778 7.42
372 0.1731703579425812 7.44
373 0.1755897253751755 7.46
374 0.1771340668201447 7.48
375 0.1766073852777481 7.5
376 0.1747589856386185 7.52
377 0.1733739674091339 7.54
378 0.1725414395332336 7.56
379 0.1717798262834549 7.58
380 0.1712715774774551 7.600000000000001
381 0.1715439110994339 7.62
382 0.1723836660385132 7.640000000000001
383 0.1724325865507126 7.66
384 0.1716577559709549 7.68
385 0.1715400964021683 7.7
386 0.1731808930635452 7.72
387 0.175713449716568 7.74
388 0.1769680231809616 7.76
389 0.1762568652629852 7.78
390 0.1746145337820053 7.8
391 0.1735066026449203 7.82
392 0.1727160215377808 7.84
393 0.1720602363348007 7.86
394 0.1718028336763382 7.88
395 0.172251358628273 7.9
396 0.1728370636701584 7.92
397 0.1723030805587769 7.94
398 0.1714367568492889 7.96
399 0.1718923449516296 7.98
400 0.1741577684879303 8
401 0.176701620221138 8.02
402 0.1774253994226456 8.040000000000001
403 0.1763736009597778 8.06
404 0.1752198487520218 8.08
405 0.1749547123908997 8.1
406 0.1745700091123581 8.120000000000001
407 0.1736644804477692 8.140000000000001
408 0.172867625951767 8.16
409 0.1729156374931335 8.18
410 0.1729234606027603 8.199999999999999
411 0.171963095664978 8.220000000000001
412 0.17121821641922 8.24
413 0.1722543984651566 8.26
414 0.1748127043247223 8.279999999999999
415 0.1768353432416916 8.300000000000001
416 0.176653265953064 8.32
417 0.1749726086854935 8.34
418 0.1736762076616287 8.359999999999999
419 0.1734044253826141 8.380000000000001
420 0.1732829511165619 8.4
421 0.1728251576423645 8.42
422 0.1723667234182358 8.44
423 0.1723399311304092 8.460000000000001
424 0.1718049645423889 8.48
425 0.170698881149292 8.5
426 0.1704732477664948 8.52
427 0.1720876097679138 8.540000000000001
428 0.1747837960720062 8.56
429 0.1764724403619766 8.58
430 0.1760420352220535 8.6
431 0.1744614690542221 8.620000000000001
432 0.1733550131320953 8.640000000000001
433 0.1731501221656799 8.66
434 0.1734221577644348 8.68
435 0.1735197603702545 8.700000000000001
436 0.1732899099588394 8.720000000000001
437 0.1726561933755875 8.74
438 0.1710755228996277 8.76
439 0.1697744131088257 8.779999999999999
440 0.1704070121049881 8.800000000000001
441 0.1728219985961914 8.82
442 0.1754962056875229 8.84
443 0.1765063256025314 8.859999999999999
444 0.1759400963783264 8.880000000000001
445 0.175248384475708 8.9
446 0.1755096167325974 8.92
447 0.1762082427740097 8.94
448 0.1764761805534363 8.960000000000001
449 0.1758905053138733 8.98
450 0.1749563962221146 9
451 0.1733599901199341 9.02
452 0.1711011677980423 9.040000000000001
453 0.1700062602758408 9.06
454 0.1710619926452637 9.08
455 0.1731132715940475 9.1
456 0.1743616163730621 9.120000000000001
457 0.1740942746400833 9.140000000000001
458 0.1735818684101105 9.16
459 0.1741562038660049 9.18
460 0.1757081598043442 9.200000000000001
461 0.1766741871833801 9.220000000000001
462 0.1762009412050247 9.24
463 0.1746449619531631 9.26
464 0.173282265663147 9.279999999999999
465 0.1718800216913223 9.300000000000001
466 0.1705320030450821 9.32
467 0.1702210158109665 9.34
468 0.1710990220308304 9.359999999999999
469 0.1723224520683289 9.380000000000001
470 0.1724835485219955 9.4
471 0.1717798858880997 9.42
472 0.1716990917921066 9.44
473 0.1731913983821869 9.460000000000001
474 0.1753592789173126 9.48
475 0.1763552874326706 9.5
476 0.1756595373153687 9.52
477 0.1742736548185349 9.540000000000001
478 0.1733041256666183 9.56
479 0.1724205315113068 9.58
480 0.1716688424348831 9.6
481 0.1715574860572815 9.620000000000001
482 0.17227503657341 9.640000000000001
483 0.172979325056076 9.66
484 0.1725444048643112 9.68
485 0.1719220280647278 9.700000000000001
486 0.1727030426263809 9.720000000000001
487 0.1750552952289581 9.74
488 0.1771597862243652 9.76
489 0.1772572249174118 9.779999999999999
490 0.1757107973098755 9.800000000000001
491 0.1743933111429214 9.82
492 0.173818975687027 9.84
493 0.1730483174324036 9.859999999999999
494 0.1720497459173203 9.880000000000001
495 0.1717326790094376 9.9
496 0.1725204885005951 9.92
497 0.1730480045080185 9.94
498 0.1724049150943756 9.960000000000001
499 0.1718598306179047 9.98
500 0.1728867739439011 10
