"report-def-0-rfile"
"Time Step" "report-def-0 etc.."
("Time Step" "report-def-0" "flow-time")
0 0 0
1 -0.004414896015077829 0.01
2 -0.008421623148024082 0.02
3 -0.01000434905290604 0.03
4 -0.01152601093053818 0.04
5 -0.01288604829460382 0.05
6 -0.01420672796666622 0.06
7 -0.01557376142591238 0.07000000000000001
8 -0.01704477705061436 0.08
9 -0.01865605264902115 0.09
10 -0.02042775601148605 0.1
11 -0.02234411984682083 0.11
12 -0.0243535228073597 0.12
13 -0.02638870477676392 0.13
14 -0.02838834933936596 0.14
15 -0.0303084421902895 0.15
16 -0.03212787210941315 0.16
17 -0.03384387120604515 0.17
18 -0.03547197580337524 0.18
19 -0.03701240569353104 0.19
20 -0.03842870891094208 0.2
21 -0.03971453011035919 0.21
22 -0.04083021357655525 0.22
23 -0.04173745959997177 0.23
24 -0.04240026697516441 0.24
25 -0.04287067428231239 0.25
26 -0.04317118227481842 0.26
27 -0.04334087669849396 0.27
28 -0.04333739727735519 0.28
29 -0.04314601048827171 0.29
30 -0.04282021895051003 0.3
31 -0.04239292815327644 0.31
32 -0.04187498986721039 0.32
33 -0.0412612296640873 0.33
34 -0.04057492315769196 0.34
35 -0.03981830924749374 0.35
36 -0.03900917619466782 0.36
37 -0.03816357627511024 0.37
38 -0.03727850317955017 0.38
39 -0.03636536747217178 0.39
40 -0.03542730957269669 0.4
41 -0.03446726128458977 0.41
42 -0.03348243236541748 0.42
43 -0.03247109055519104 0.43
44 -0.03185810521245003 0.44
45 -0.03095551766455173 0.45
46 -0.0303637683391571 0.46
47 -0.02947050146758556 0.47
48 -0.02888523787260056 0.48
49 -0.02799421176314354 0.49
50 -0.02741127088665962 0.5
51 -0.02652010135352612 0.51
52 -0.02594079077243805 0.52
53 -0.02504882961511612 0.53
54 -0.0244729183614254 0.54
55 -0.02362975478172302 0.55
56 -0.02306744642555714 0.5600000000000001
57 -0.02219006605446339 0.5700000000000001
58 -0.02162855491042137 0.58
59 -0.02112669497728348 0.59
60 -0.02032124623656273 0.6
61 -0.01978281512856483 0.61
62 -0.01898174174129963 0.62
63 -0.0184530857950449 0.63
64 -0.01797658950090408 0.64
65 -0.01721102558076382 0.65
66 -0.01670052297413349 0.66
67 -0.01623992249369621 0.67
68 -0.01549952104687691 0.68
69 -0.01500758063048124 0.6900000000000001
70 -0.01456400658935308 0.7000000000000001
71 -0.0138514181599021 0.71
72 -0.01337979827076197 0.72
73 -0.01295542810112238 0.73
74 -0.0125399474054575 0.74
75 -0.01213206071406603 0.75
76 -0.01146762631833553 0.76
77 -0.01102613937109709 0.77
78 -0.01062846090644598 0.78
79 -0.01024243980646133 0.79
80 -0.009860039688646793 0.8
81 -0.009485665708780289 0.8100000000000001
82 -0.009116706438362598 0.8200000000000001
83 -0.008753235451877117 0.8300000000000001
84 -0.008395452052354813 0.84
85 -0.008043610490858555 0.85
86 -0.007697845343500376 0.86
87 -0.007358144037425518 0.87
88 -0.00702444976195693 0.88
89 -0.00669668335467577 0.89
90 -0.006374853197485209 0.9
91 -0.006058941595256329 0.91
92 -0.005749102681875229 0.92
93 -0.005445473827421665 0.93
94 -0.00514804944396019 0.9400000000000001
95 -0.004856967367231846 0.9500000000000001
96 -0.004572203848510981 0.96
97 -0.004293456207960844 0.97
98 -0.004020305816084146 0.98
99 -0.003752343123778701 0.99
100 -0.003489247290417552 1
101 -0.003230928676202893 1.01
102 -0.002977352356538177 1.02
103 -0.00272847362793982 1.03
104 -0.002484377240762115 1.04
105 -0.002245194045826793 1.05
106 -0.0020110416226089 1.06
107 -0.001781801925972104 1.07
108 -0.001557541196234524 1.08
109 -0.001337976194918156 1.09
110 -0.001122839632444084 1.1
111 -0.0009120043832808733 1.11
112 -0.0007053356384858489 1.12
113 -0.0005027643055655062 1.13
114 -0.0003041960007976741 1.14
115 -0.0001095598854590207 1.15
116 8.172199159162119e-05 1.16
117 0.0002693132846616209 1.17
118 0.0004530504229478538 1.18
119 0.0006328117451630533 1.19
120 0.0008086729212664068 1.2
121 0.0009808605536818504 1.21
122 0.001149683259427547 1.22
123 0.001315487548708916 1.23
124 0.001478632329963148 1.24
125 0.00163855857681483 1.25
126 0.001796734984964132 1.26
127 0.001951952464878559 1.27
128 0.002105834428220987 1.28
129 0.002257126616314054 1.29
130 0.002405025064945221 1.3
131 0.002552554244175553 1.31
132 0.002698564203456044 1.32
133 0.002843037247657776 1.33
134 0.002986070467159152 1.34
135 0.003127477131783962 1.35
136 0.003266918705776334 1.36
137 0.003404214046895504 1.37
138 0.003539341734722257 1.38
139 0.003672346938401461 1.39
140 0.003803247818723321 1.4
141 0.003932048566639423 1.41
142 0.004058868158608675 1.42
143 0.004183836281299591 1.43
144 0.004307048860937357 1.44
145 0.004428504966199398 1.45
146 0.004548214841634035 1.46
147 0.004666108638048172 1.47
148 0.004782104399055243 1.48
149 0.004896003287285566 1.49
150 0.005007624160498381 1.5
151 0.005116811953485012 1.51
152 0.005223529879003763 1.52
153 0.005327969789505005 1.53
154 0.005430254153907299 1.54
155 0.00553033547475934 1.55
156 0.005628049839287996 1.56
157 0.005723227746784687 1.57
158 0.005815549287945032 1.58
159 0.00590483658015728 1.59
160 0.005991291254758835 1.6
161 0.006075145676732063 1.61
162 0.006156719289720058 1.62
163 0.006236203014850616 1.63
164 0.006313677411526442 1.64
165 0.00638901349157095 1.65
166 0.006461863406002522 1.66
167 0.006531905848532915 1.67
168 0.006598847452551126 1.68
169 0.006662481464445591 1.69
170 0.006722660269588232 1.7
171 0.00677931634709239 1.71
172 0.006832415238022804 1.72
173 0.006881934590637684 1.73
174 0.006927862297743559 1.74
175 0.006970078218728304 1.75
176 0.007008541375398636 1.76
177 0.007043160498142242 1.77
178 0.007074186578392982 1.78
179 0.007101882249116898 1.79
180 0.007126448210328817 1.8
181 0.007147963158786297 1.81
182 0.007166308350861073 1.82
183 0.007181286346167326 1.83
184 0.007192820310592651 1.84
185 0.007200904190540314 1.85
186 0.007205603644251823 1.86
187 0.007207042537629604 1.87
188 0.007205360569059849 1.88
189 0.007200679276138544 1.89
190 0.007192979566752911 1.9
191 0.00718225771561265 1.91
192 0.007168570533394814 1.92
193 0.0071520428173244 1.93
194 0.007132906932383776 1.94
195 0.007111222483217716 1.95
196 0.00708706071600318 1.96
197 0.007060703821480274 1.97
198 0.007032377645373344 1.98
199 0.007002320606261492 1.99
200 0.006970671471208334 2
201 0.006937522441148758 2.01
202 0.006902949884533882 2.02
203 0.006867199204862118 2.03
204 0.006830648984760046 2.04
205 0.006793484091758728 2.05
206 0.006755923852324486 2.06
207 0.006718233227729797 2.07
208 0.006680688355118036 2.08
209 0.006643599830567837 2.09
210 0.006607267539948225 2.1
211 0.006571908481419086 2.11
212 0.006537631619721651 2.12
213 0.006504711229354143 2.13
214 0.006473439279943705 2.14
215 0.006444074679166079 2.15
216 0.006416869349777699 2.16
217 0.006392073817551136 2.17
218 0.006369926035404205 2.18
219 0.006350592244416475 2.19
220 0.006333799101412296 2.2
221 0.006320575717836618 2.21
222 0.006310709286481142 2.22
223 0.006304363254457712 2.23
224 0.00630172248929739 2.24
225 0.006302935071289539 2.25
226 0.006308095995336771 2.26
227 0.006317298859357834 2.27
228 0.006330637261271477 2.28
229 0.006348191760480404 2.29
230 0.00637003593146801 2.3
231 0.00639622937887907 2.31
232 0.006426805164664984 2.32
233 0.006461776327341795 2.33
234 0.00650114007294178 2.34
235 0.006544872187077999 2.35
236 0.00659293495118618 2.36
237 0.006645271554589272 2.37
238 0.006701784208416939 2.38
239 0.006762344855815172 2.39
240 0.006826572585850954 2.4
241 0.006895068101584911 2.41
242 0.006966333836317062 2.42
243 0.0070415367372334 2.43
244 0.007119028363376856 2.44
245 0.007200008723884821 2.45
246 0.007282774429768324 2.46
247 0.007368398830294609 2.47
248 0.007455985993146896 2.48
249 0.007545385509729385 2.49
250 0.007636376656591892 2.5
251 0.0077286078594625 2.51
252 0.007821566425263882 2.52
253 0.007914816029369831 2.53
254 0.008007939904928207 2.54
255 0.008100551553070545 2.55
256 0.008192266337573528 2.56
257 0.008282707072794437 2.57
258 0.008371669799089432 2.58
259 0.00845782645046711 2.59
260 0.008542140945792198 2.6
261 0.008623460307717323 2.61
262 0.008701413869857788 2.62
263 0.008775541558861732 2.63
264 0.008845393545925617 2.64
265 0.008910535834729671 2.65
266 0.008970604278147221 2.66
267 0.009025239385664463 2.67
268 0.009074095636606216 2.68
269 0.009116851724684238 2.69
270 0.009153186343610287 2.7
271 0.009182923473417759 2.71
272 0.009205606766045094 2.72
273 0.009220778942108154 2.73
274 0.009231605567038059 2.74
275 0.009227250702679157 2.75
276 0.009213274344801903 2.76
277 0.009180762805044651 2.77
278 0.009144065901637077 2.78
279 0.0090698366984725 2.79
280 0.009005608968436718 2.8
281 0.008936898782849312 2.81
282 0.008807950653135777 2.82
283 0.008707444183528423 2.83
284 0.00853631179779768 2.84
285 0.008409815840423107 2.85
286 0.008200919255614281 2.86
287 0.008051328361034393 2.87
288 0.007809162139892578 2.88
289 0.007639811839908361 2.89
290 0.007352408487349749 2.9
291 0.007163558155298233 2.91
292 0.006852840073406696 2.92
293 0.006653556600213051 2.93
294 0.006331508047878742 2.94
295 0.006129095330834389 2.95
296 0.005806243978440762 2.96
297 0.005607352126389742 2.97
298 0.005294923204928637 2.98
299 0.004957653116434813 2.99
300 0.004630699288100004 3
301 0.004330064170062542 3.01
302 0.004056952893733978 3.02
303 0.003826951142400503 3.03
304 0.003650066908448935 3.04
305 0.0035335598513484 3.05
306 0.003483647247776389 3.06
307 0.003504845313727856 3.07
308 0.003599957330152392 3.08
309 0.003772526746615767 3.09
310 0.004021307919174433 3.1
311 0.004349562805145979 3.11
312 0.00475349510088563 3.12
313 0.005228014662861824 3.13
314 0.005765161942690611 3.14
315 0.006353967823088169 3.15
316 0.006986015010625124 3.16
317 0.007648518774658442 3.17
318 0.008331571705639362 3.18
319 0.009009543806314468 3.19
320 0.009674019180238247 3.2
321 0.01030687615275383 3.21
322 0.0108942287042737 3.22
323 0.01142197009176016 3.23
324 0.01187347155064344 3.24
325 0.01223573181778193 3.25
326 0.01249445881694555 3.26
327 0.01263781357556581 3.27
328 0.01265860628336668 3.28
329 0.01254372857511044 3.29
330 0.01229396462440491 3.3
331 0.01190868578851223 3.31
332 0.01139305904507637 3.32
333 0.01074114162474871 3.33
334 0.009958207607269287 3.34
335 0.009055696427822113 3.35
336 0.008031023666262627 3.36
337 0.006895155645906925 3.37
338 0.005667708814144135 3.38
339 0.004362773615866899 3.39
340 0.002998765790835023 3.4
341 0.001599194947630167 3.41
342 0.0001843743229983374 3.42
343 -0.001220043865032494 3.43
344 -0.002580051077529788 3.44
345 -0.003850911743938923 3.45
346 -0.005026276689022779 3.46
347 -0.006080152466893196 3.47
348 -0.006994274910539389 3.48
349 -0.007733568549156189 3.49
350 -0.008265554904937744 3.5
351 -0.008561362512409687 3.51
352 -0.008592665195465088 3.52
353 -0.008346379734575748 3.53
354 -0.007814355194568634 3.54
355 -0.007001862395554781 3.55
356 -0.005918238312005997 3.56
357 -0.004590032622218132 3.57
358 -0.003058095229789615 3.58
359 -0.001378904562443495 3.59
360 0.0004075092147104442 3.6
361 0.002263295231387019 3.61
362 0.004137910902500153 3.62
363 0.005966737400740385 3.63
364 0.007685995660722256 3.64
365 0.009247163310647011 3.65
366 0.01060777343809605 3.66
367 0.01172787137329578 3.67
368 0.01257003843784332 3.68
369 0.01309623569250107 3.69
370 0.01327964011579752 3.7
371 0.01308183092623949 3.71
372 0.01249908655881882 3.72
373 0.01152995601296425 3.73
374 0.01018252037465572 3.74
375 0.008480948396027088 3.75
376 0.006444375496357679 3.76
377 0.004095806740224361 3.77
378 0.001475897151976824 3.78
379 -0.001368993194773793 3.79
380 -0.004372455179691315 3.8
381 -0.007485130801796913 3.81
382 -0.01067031174898148 3.82
383 -0.01384096406400204 3.83
384 -0.01705676876008511 3.84
385 -0.02016361430287361 3.85
386 -0.02300564758479595 3.86
387 -0.0254953894764185 3.87
388 -0.02758439630270004 3.88
389 -0.02912993915379047 3.89
390 -0.03013390488922596 3.9
391 -0.03056510724127293 3.91
392 -0.03038876876235008 3.92
393 -0.02956348098814487 3.93
394 -0.02806867845356464 3.94
395 -0.02591085247695446 3.95
396 -0.02314690127968788 3.96
397 -0.01992673613131046 3.97
398 -0.01635636016726494 3.98
399 -0.01253410894423723 3.99
400 -0.008535911329090595 4
401 -0.004493351560086012 4.01
402 -0.0005809311405755579 4.02
403 0.003027896396815777 4.03
404 0.006191134918481112 4.04
405 0.008829249069094658 4.05
406 0.01085859537124634 4.06
407 0.01226250827312469 4.07
408 0.01294638961553574 4.08
409 0.01285689603537321 4.09
410 0.01197789795696735 4.1
411 0.01030953321605921 4.11
412 0.007899027317762375 4.12
413 0.004809727426618338 4.13
414 0.00112341099884361 4.14
415 -0.003036675741896033 4.15
416 -0.007545755244791508 4.16
417 -0.01231555081903934 4.17
418 -0.01717512682080269 4.18
419 -0.02199336513876915 4.19
420 -0.02661976590752602 4.2
421 -0.03094514831900597 4.21
422 -0.0349256657063961 4.22
423 -0.03849820792675018 4.23
424 -0.04150684550404549 4.24
425 -0.04375386238098145 4.25
426 -0.0451551079750061 4.26
427 -0.04559317603707314 4.27
428 -0.04514580965042114 4.28
429 -0.04386455938220024 4.29
430 -0.0417521558701992 4.3
431 -0.03877884522080421 4.31
432 -0.03495975956320763 4.32
433 -0.03041217848658562 4.33
434 -0.02533028833568096 4.34
435 -0.01991027034819126 4.350000000000001
436 -0.01428653951734304 4.36
437 -0.008582551963627338 4.37
438 -0.003007451072335243 4.38
439 0.002152157481759787 4.39
440 0.00661253510043025 4.4
441 0.01018792483955622 4.41
442 0.01279657986015081 4.42
443 0.0143656088039279 4.43
444 0.01481659710407257 4.44
445 0.01402214169502258 4.45
446 0.01207905821502209 4.46
447 0.009053617715835571 4.47
448 0.005091339815407991 4.48
449 0.0003090627433266491 4.49
450 -0.005101284943521023 4.5
451 -0.01092116441577673 4.51
452 -0.01694067567586899 4.52
453 -0.02296779304742813 4.53
454 -0.02875513769686222 4.54
455 -0.03413261845707893 4.55
456 -0.03894032910466194 4.56
457 -0.04309578984975815 4.57
458 -0.04667536169290543 4.58
459 -0.04956033453345299 4.59
460 -0.05157522484660149 4.600000000000001
461 -0.05263344198465347 4.61
462 -0.05263404920697212 4.62
463 -0.05162372067570686 4.63
464 -0.04966359958052635 4.64
465 -0.04680000990629196 4.65
466 -0.04301701486110687 4.66
467 -0.03830820322036743 4.67
468 -0.03276658430695534 4.68
469 -0.02663686871528625 4.69
470 -0.02016800455749035 4.7
471 -0.0135028138756752 4.71
472 -0.006800468545407057 4.72
473 -0.0003766433510463685 4.73
474 0.005353492219001055 4.74
475 0.01004940830171108 4.75
476 0.01351466216146946 4.76
477 0.01569565385580063 4.77
478 0.01644803769886494 4.78
479 0.01562141999602318 4.79
480 0.01336043514311314 4.8
481 0.009831172414124012 4.81
482 0.005235378630459309 4.82
483 -0.0002735061862040311 4.83
484 -0.006451809778809547 4.84
485 -0.01301748026162386 4.850000000000001
486 -0.01968908682465553 4.86
487 -0.02622352540493011 4.87
488 -0.03242127969861031 4.88
489 -0.03806620836257935 4.89
490 -0.04298259690403938 4.9
491 -0.04708888381719589 4.91
492 -0.05045615136623383 4.92
493 -0.05311644077301025 4.93
494 -0.05490613356232643 4.94
495 -0.05571239441633224 4.95
496 -0.05544281378388405 4.96
497 -0.05410966277122498 4.97
498 -0.05178799480199814 4.98
499 -0.04852408915758133 4.99
500 -0.04431313276290894 5
501 -0.03911793604493141 5.01
502 -0.03304402530193329 5.02
503 -0.02635179460048676 5.03
504 -0.01931370981037617 5.04
505 -0.01208114344626665 5.05
506 -0.004855035804212093 5.06
507 0.001946701668202877 5.07
508 0.007843388244509697 5.08
509 0.01242406107485294 5.09
510 0.01567103713750839 5.100000000000001
511 0.01738696359097958 5.11
512 0.01735356450080872 5.12
513 0.01556814461946487 5.13
514 0.0123314643278718 5.14
515 0.007839566096663475 5.15
516 0.002312902361154556 5.16
517 -0.003997828811407089 5.17
518 -0.01080035790801048 5.18
519 -0.01779708079993725 5.19
520 -0.02469396963715553 5.2
521 -0.03126558288931847 5.21
522 -0.03729557991027832 5.22
523 -0.04260493069887161 5.23
524 -0.04707727953791618 5.24
525 -0.05068343132734299 5.25
526 -0.05360211059451103 5.26
527 -0.05572089552879333 5.27
528 -0.05686124414205551 5.28
529 -0.05697621032595634 5.29
530 -0.05594871938228607 5.3
531 -0.05390476435422897 5.31
532 -0.0509091317653656 5.32
533 -0.04696818813681602 5.33
534 -0.04201773181557655 5.34
535 -0.03608552366495132 5.350000000000001
536 -0.02937424369156361 5.36
537 -0.02220069617033005 5.37
538 -0.01474379748106003 5.38
539 -0.007187004201114178 5.39
540 9.444048919249326e-05 5.4
541 0.006574495695531368 5.41
542 0.01176755130290985 5.42
543 0.01552976109087467 5.43
544 0.01772345788776875 5.44
545 0.01811542175710201 5.45
546 0.016607366502285 5.46
547 0.01352037955075502 5.47
548 0.009078603237867355 5.48
549 0.003548350417986512 5.49
550 -0.00282473093830049 5.5
551 -0.009741985239088535 5.51
552 -0.01688440702855587 5.52
553 -0.02394883893430233 5.53
554 -0.03069271519780159 5.54
555 -0.03691591322422028 5.55
556 -0.04241219535470009 5.56
557 -0.04705497249960899 5.57
558 -0.05079982057213783 5.58
559 -0.05378600209951401 5.59
560 -0.056004598736763 5.600000000000001
561 -0.05728984624147415 5.61
562 -0.05756847187876701 5.62
563 -0.05671721696853638 5.63
564 -0.05481666699051857 5.64
565 -0.05193990841507912 5.65
566 -0.04811958223581314 5.66
567 -0.04329617321491241 5.67
568 -0.03744229301810265 5.68
569 -0.03074394166469574 5.69
570 -0.02351214736700058 5.7
571 -0.01595735922455788 5.71
572 -0.008269820362329483 5.72
573 -0.0007841878104954958 5.73
574 0.005955967586487532 5.74
575 0.01143140811473131 5.75
576 0.01542672887444496 5.76
577 0.01784689724445343 5.77
578 0.01842715404927731 5.78
579 0.01706402562558651 5.79
580 0.01404466573148966 5.8
581 0.009622315876185894 5.81
582 0.004089766182005405 5.82
583 -0.002313467441126704 5.83
584 -0.009282360784709454 5.84
585 -0.01649102568626404 5.850000000000001
586 -0.0236333105713129 5.86
587 -0.03045680932700634 5.87
588 -0.03675974160432816 5.88
589 -0.04233307391405106 5.89
590 -0.04704674705862999 5.9
591 -0.05085466802120209 5.91
592 -0.05387097224593163 5.92
593 -0.05613459646701813 5.93
594 -0.05748109892010689 5.94
595 -0.05782274901866913 5.95
596 -0.05704599991440773 5.96
597 -0.05520496889948845 5.97
598 -0.0523805171251297 5.98
599 -0.04861072450876236 5.99
600 -0.0438397116959095 6
601 -0.03802388161420822 6.01
602 -0.03133516013622284 6.02
603 -0.024075822904706 6.03
604 -0.01647758297622204 6.04
605 -0.008730504661798477 6.05
606 -0.001156959915533662 6.06
607 0.005695351865142584 6.07
608 0.01129312533885241 6.08
609 0.01539329253137112 6.09
610 0.01790376752614975 6.100000000000001
611 0.01855671219527721 6.11
612 0.0172473918646574 6.12
613 0.0142543213441968 6.13
614 0.00983955804258585 6.140000000000001
615 0.00430319644510746 6.15
616 -0.002116767922416329 6.16
617 -0.009110446088016033 6.17
618 -0.01634930819272995 6.18
619 -0.02352545782923698 6.19
620 -0.03038185648620129 6.2
621 -0.03671706840395927 6.21
622 -0.04231923446059227 6.22
623 -0.04705970361828804 6.23
624 -0.05089261010289192 6.24
625 -0.05392109602689743 6.25
626 -0.05620235204696655 6.26
627 -0.05757053941488266 6.27
628 -0.05793304368853569 6.28
629 -0.05718196555972099 6.29
630 -0.05536173284053802 6.3
631 -0.05255715548992157 6.31
632 -0.04880601540207863 6.32
633 -0.04405355826020241 6.33
634 -0.03824976831674576 6.34
635 -0.03156015276908875 6.350000000000001
636 -0.02428597584366798 6.36
637 -0.01666798442602158 6.37
638 -0.008895521983504295 6.38
639 -0.001286061014980078 6.390000000000001
640 0.005611177533864975 6.4
641 0.01125596091151237 6.41
642 0.0153955090790987 6.42
643 0.01793816313147545 6.43
644 0.01861498132348061 6.44
645 0.01731950417160988 6.45
646 0.01432924624532461 6.46
647 0.009910548105835915 6.47
648 0.004366179928183556 6.48
649 -0.00206512794829905 6.49
650 -0.009071929380297661 6.5
651 -0.01632479019463062 6.51
652 -0.02351496927440166 6.52
653 -0.03038362972438335 6.53
654 -0.03672986105084419 6.54
655 -0.04234039410948753 6.55
656 -0.04708785191178322 6.56
657 -0.05092669650912285 6.57
658 -0.05395691096782684 6.58
659 -0.05624230951070786 6.59
660 -0.05761528387665749 6.600000000000001
661 -0.05798144638538361 6.61
662 -0.05723525956273079 6.62
663 -0.05541879683732986 6.63
664 -0.05261788889765739 6.640000000000001
665 -0.04886996001005173 6.65
666 -0.04412053525447845 6.66
667 -0.03831684589385986 6.67
668 -0.03162283077836037 6.68
669 -0.02434029243886471 6.69
670 -0.01671207509934902 6.7
671 -0.008928066119551659 6.71
672 -0.001305017503909767 6.72
673 0.005606637336313725 6.73
674 0.01126409880816936 6.74
675 0.01541302353143692 6.75
676 0.01796140894293785 6.76
677 0.01863892190158367 6.77
678 0.01733957231044769 6.78
679 0.01434224937111139 6.79
680 0.009914841502904892 6.8
681 0.0043611666187644 6.81
682 -0.002079055644571781 6.82
683 -0.009093908593058586 6.83
684 -0.01635346561670303 6.84
685 -0.02354856580495834 6.850000000000001
686 -0.03042031452059746 6.86
687 -0.03676784411072731 6.87
688 -0.04237793758511543 6.88
689 -0.04712386429309845 6.890000000000001
690 -0.05096043273806572 6.9
691 -0.05398764461278915 6.91
692 -0.05626992136240005 6.92
693 -0.0576394684612751 6.93
694 -0.05800191685557365 6.94
695 -0.05725189670920372 6.95
696 -0.05543153360486031 6.96
697 -0.05262676253914833 6.97
698 -0.04887492954730988 6.98
699 -0.04412113130092621 6.99
700 -0.0383121632039547 7
