"report-def-0-rfile"
"Time Step" "report-def-0 etc.."
("Time Step" "report-def-0" "flow-time")
0 0 0
1 -0.005888423416763544 0.01
2 -0.01108408067375422 0.02
3 -0.01318760681897402 0.03
4 -0.01530658174306154 0.04
5 -0.0172895472496748 0.05
6 -0.0192962009459734 0.06
7 -0.02147587202489376 0.07000000000000001
8 -0.02390665002167225 0.08
9 -0.02661603502929211 0.09
10 -0.02954046800732613 0.1
11 -0.03257033973932266 0.11
12 -0.03559338301420212 0.12
13 -0.03853277862071991 0.13
14 -0.04136510565876961 0.14
15 -0.04407200962305069 0.15
16 -0.04663672670722008 0.16
17 -0.04897493124008179 0.17
18 -0.05103040486574173 0.18
19 -0.05271030217409134 0.19
20 -0.05396983399987221 0.2
21 -0.05484602972865105 0.21
22 -0.05543415993452072 0.22
23 -0.05578592419624329 0.23
24 -0.05584369599819183 0.24
25 -0.05562940239906311 0.25
26 -0.0552205890417099 0.26
27 -0.05466282740235329 0.27
28 -0.05393046513199806 0.28
29 -0.05304359644651413 0.29
30 -0.05198666453361511 0.3
31 -0.05082139000296593 0.31
32 -0.04955875873565674 0.32
33 -0.04821154847741127 0.33
34 -0.04678716510534286 0.34
35 -0.0452953465282917 0.35
36 -0.04374708235263824 0.36
37 -0.04215464368462563 0.37
38 -0.04052180796861649 0.38
39 -0.03886821493506432 0.39
40 -0.03719547763466835 0.4
41 -0.03551451116800308 0.41
42 -0.03382450714707375 0.42
43 -0.03212771937251091 0.43
44 -0.03043491952121258 0.44
45 -0.02875305712223053 0.45
46 -0.02708260715007782 0.46
47 -0.02542364597320557 0.47
48 -0.02382444962859154 0.48
49 -0.0222260020673275 0.49
50 -0.021381925791502 0.5
51 -0.02007113583385944 0.51
52 -0.01929850317537785 0.52
53 -0.01805675029754639 0.53
54 -0.0173187255859375 0.54
55 -0.01615889742970467 0.55
56 -0.01489240676164627 0.5600000000000001
57 -0.01418444141745567 0.5700000000000001
58 -0.01310280524194241 0.58
59 -0.01244585309177637 0.59
60 -0.01141540426760912 0.6
61 -0.01078532822430134 0.61
62 -0.00979731697589159 0.62
63 -0.009195376187562943 0.63
64 -0.00825518649071455 0.64
65 -0.007688349112868309 0.65
66 -0.006803617812693119 0.66
67 -0.006268239114433527 0.67
68 -0.005481540691107512 0.68
69 -0.004976711701601744 0.6900000000000001
70 -0.004176008049398661 0.7000000000000001
71 -0.003687622025609016 0.71
72 -0.003259846242144704 0.72
73 -0.002527780830860138 0.73
74 -0.002070500748232007 0.74
75 -0.001671924837864935 0.75
76 -0.001032214495353401 0.76
77 -0.0006117665325291455 0.77
78 1.455115670978557e-05 0.78
79 0.0004190894833300263 0.79
80 0.0007818746380507946 0.8
81 0.001376752043142915 0.8100000000000001
82 0.001769376918673515 0.8200000000000001
83 0.002366698114201427 0.8300000000000001
84 0.002749219303950667 0.84
85 0.003092361846938729 0.85
86 0.003662507748231292 0.86
87 0.004031962715089321 0.87
88 0.004365412052720785 0.88
89 0.004916866775602102 0.89
90 0.00527055561542511 0.9
91 0.005588393192738295 0.91
92 0.005896603222936392 0.92
93 0.006419884972274303 0.93
94 0.006757575552910566 0.9400000000000001
95 0.007062424905598164 0.9500000000000001
96 0.007358702365309 0.96
97 0.00786276813596487 0.97
98 0.008186121471226215 0.98
99 0.008476819843053818 0.99
100 0.008757936768233776 1
101 0.009234807454049587 1.01
102 0.009537363424897194 1.02
103 0.009807167574763298 1.03
104 0.01006664801388979 1.04
105 0.01032030209898949 1.05
106 0.01074924133718014 1.06
107 0.0110154515132308 1.07
108 0.01124850660562515 1.08
109 0.01146921142935753 1.09
110 0.01168216671794653 1.1
111 0.01188875176012516 1.11
112 0.01218582503497601 1.12
113 0.01239577680826187 1.13
114 0.01258419919759035 1.14
115 0.0127629516646266 1.15
116 0.01293364353477955 1.16
117 0.01309652253985405 1.17
118 0.01325103919953108 1.18
119 0.01339683588594198 1.19
120 0.01353349350392818 1.2
121 0.01366050913929939 1.21
122 0.01377711165696383 1.22
123 0.01388254761695862 1.23
124 0.01397703029215336 1.24
125 0.01406143791973591 1.25
126 0.01417046133428812 1.26
127 0.01424035802483559 1.27
128 0.01429513655602932 1.28
129 0.01434040069580078 1.29
130 0.01437703613191843 1.3
131 0.01440482586622238 1.31
132 0.01442332100123167 1.32
133 0.0144323380663991 1.33
134 0.01442178338766098 1.34
135 0.01440595462918282 1.35
136 0.01438199356198311 1.36
137 0.01435139402747154 1.37
138 0.01431478094309568 1.38
139 0.01427318807691336 1.39
140 0.01419868040829897 1.4
141 0.01413880102336407 1.41
142 0.01407664362341166 1.42
143 0.01401115208864212 1.43
144 0.01390434522181749 1.44
145 0.01382520515471697 1.45
146 0.01375129632651806 1.46
147 0.01361676771193743 1.47
148 0.01353511586785316 1.48
149 0.01346398983150721 1.49
150 0.01339797396212816 1.5
151 0.01328472979366779 1.51
152 0.01322316937148571 1.52
153 0.01317528076469898 1.53
154 0.01313631888478994 1.54
155 0.01307787839323282 1.55
156 0.01305704284459352 1.56
157 0.01304993592202663 1.57
158 0.01305475644767284 1.58
159 0.01307732798159122 1.59
160 0.01311381626874208 1.6
161 0.01319710817188025 1.61
162 0.01327357161790133 1.62
163 0.01342218555510044 1.63
164 0.01354055106639862 1.64
165 0.01375469751656055 1.65
166 0.01391331199556589 1.66
167 0.01418985892087221 1.67
168 0.01438557449728251 1.68
169 0.01474406011402607 1.69
170 0.0149775268509984 1.7
171 0.01538813021034002 1.71
172 0.01564566418528557 1.72
173 0.01608680561184883 1.73
174 0.01635507680475712 1.74
175 0.01680463179945946 1.75
176 0.01730209402740002 1.76
177 0.0177974309772253 1.77
178 0.01828405074775219 1.78
179 0.01870829425752163 1.79
180 0.01907460391521454 1.8
181 0.01935956999659538 1.81
182 0.01954258978366852 1.82
183 0.0196006391197443 1.83
184 0.01952671073377132 1.84
185 0.01931615360081196 1.85
186 0.01895693875849247 1.86
187 0.01844547502696514 1.87
188 0.01778761669993401 1.88
189 0.0169804897159338 1.89
190 0.01604100689291954 1.9
191 0.01497724745422602 1.91
192 0.01381417084485292 1.92
193 0.01256811711937189 1.93
194 0.01125279068946838 1.94
195 0.009902374818921089 1.95
196 0.008565968833863735 1.96
197 0.007263419218361378 1.97
198 0.006043341476470232 1.98
199 0.004944262094795704 1.99
200 0.004010803997516632 2
201 0.003284992882981896 2.01
202 0.002804253017529845 2.02
203 0.002606478752568364 2.03
204 0.002719912212342024 2.04
205 0.003161876928061247 2.05
206 0.003935934044420719 2.06
207 0.005028588697314262 2.07
208 0.006413345690816641 2.08
209 0.0080447718501091 2.09
210 0.009859539568424225 2.1
211 0.01179105788469315 2.11
212 0.01377272140234709 2.12
213 0.01571802422404289 2.13
214 0.01752392761409283 2.14
215 0.01912602409720421 2.15
216 0.02045900747179985 2.16
217 0.02146338485181332 2.17
218 0.02207316644489765 2.18
219 0.02227681875228882 2.19
220 0.02201502397656441 2.2
221 0.02124713733792305 2.21
222 0.01997622475028038 2.22
223 0.01821745559573174 2.23
224 0.01595563255250454 2.24
225 0.01319685578346252 2.25
226 0.009961439296603203 2.26
227 0.006305141840130091 2.27
228 0.002292988356202841 2.28
229 -0.001985067036002874 2.29
230 -0.006468373816460371 2.3
231 -0.01111541502177715 2.31
232 -0.01569921895861626 2.32
233 -0.01996678486466408 2.33
234 -0.02376811392605305 2.34
235 -0.02684838138520718 2.35
236 -0.02912410721182823 2.36
237 -0.03046325780451298 2.37
238 -0.03070504032075405 2.38
239 -0.02975470572710037 2.39
240 -0.0275410357862711 2.4
241 -0.02417099475860596 2.41
242 -0.0199237484484911 2.42
243 -0.01506021246314049 2.43
244 -0.009786867536604404 2.44
245 -0.004337494261562824 2.45
246 0.0009451763471588492 2.46
247 0.005718084052205086 2.47
248 0.009694815613329411 2.48
249 0.01271435525268316 2.49
250 0.01457679178565741 2.5
251 0.01519104186445475 2.51
252 0.01444359123706818 2.52
253 0.01231834851205349 2.53
254 0.008819621987640858 2.54
255 0.004008432850241661 2.55
256 -0.001908700331114233 2.56
257 -0.008711433969438076 2.57
258 -0.01605039089918137 2.58
259 -0.02360369451344013 2.59
260 -0.03097564727067947 2.6
261 -0.0378432422876358 2.61
262 -0.04420294985175133 2.62
263 -0.04957140609622002 2.63
264 -0.05345751345157623 2.64
265 -0.05559489130973816 2.65
266 -0.05590669438242912 2.66
267 -0.05446741357445717 2.67
268 -0.05134227499365807 2.68
269 -0.04648918285965919 2.69
270 -0.04001608490943909 2.7
271 -0.03233034163713455 2.71
272 -0.02393796853721142 2.72
273 -0.01514896750450134 2.73
274 -0.006346981506794691 2.74
275 0.001856959774158895 2.75
276 0.008792214095592499 2.76
277 0.01393745467066765 2.77
278 0.01714131981134415 2.78
279 0.01810068264603615 2.79
280 0.01654647849500179 2.8
281 0.01269777864217758 2.81
282 0.006698116660118103 2.82
283 -0.00116874894592911 2.83
284 -0.01039342675358057 2.84
285 -0.02033698745071888 2.85
286 -0.03042122721672058 2.86
287 -0.03997117280960083 2.87
288 -0.04849271476268768 2.88
289 -0.0556023009121418 2.89
290 -0.06138585135340691 2.9
291 -0.06558757275342941 2.91
292 -0.06779476255178452 2.92
293 -0.06779706478118896 2.93
294 -0.06568169593811035 2.94
295 -0.06162310391664505 2.95
296 -0.05573330447077751 2.96
297 -0.0479789525270462 2.97
298 -0.03854376822710037 2.98
299 -0.02807139977812767 2.99
300 -0.01709096133708954 3
301 -0.006033187732100487 3.01
302 0.004283740185201168 3.02
303 0.0127857718616724 3.03
304 0.01876098476350307 3.04
305 0.02187071181833744 3.05
306 0.02152979001402855 3.06
307 0.01786626689136028 3.07
308 0.01133663766086102 3.08
309 0.002482691546902061 3.09
310 -0.008115583099424839 3.1
311 -0.0196620300412178 3.11
312 -0.03125187754631042 3.12
313 -0.04215248674154282 3.13
314 -0.05170125514268875 3.14
315 -0.05952201038599014 3.15
316 -0.06543052196502686 3.16
317 -0.06979501992464066 3.17
318 -0.07226820290088654 3.18
319 -0.07267889380455017 3.19
320 -0.07079192996025085 3.2
321 -0.06686324626207352 3.21
322 -0.06100429594516754 3.22
323 -0.05316381901502609 3.23
324 -0.04329722002148628 3.24
325 -0.03185770288109779 3.25
326 -0.01959167420864105 3.26
327 -0.007041588891297579 3.27
328 0.00486369151622057 3.28
329 0.0147077227011323 3.29
330 0.02164414152503014 3.3
331 0.02500868774950504 3.31
332 0.02409749291837215 3.32
333 0.01937230490148067 3.33
334 0.01153487712144852 3.34
335 0.001301611191593111 3.35
336 -0.01054348610341549 3.36
337 -0.02307274751365185 3.37
338 -0.03528508916497231 3.38
339 -0.04640593007206917 3.39
340 -0.05583992600440979 3.4
341 -0.06332313269376755 3.41
342 -0.06874328851699829 3.42
343 -0.07256179302930832 3.43
344 -0.07448696345090866 3.44
345 -0.07433260977268219 3.45
346 -0.07190646976232529 3.46
347 -0.06743492186069489 3.47
348 -0.06099231913685799 3.48
349 -0.05243409425020218 3.49
350 -0.04172887653112411 3.5
351 -0.02940444089472294 3.51
352 -0.01624784804880619 3.52
353 -0.002919696504250169 3.53
354 0.009329662658274174 3.54
355 0.01875602826476097 3.55
356 0.02491455152630806 3.56
357 0.02684918791055679 3.57
358 0.02417161501944065 3.58
359 0.01769347488880157 3.59
360 0.008267470635473728 3.6
361 -0.003293418325483799 3.61
362 -0.01604639552533627 3.62
363 -0.02897940576076508 3.63
364 -0.04107418656349182 3.64
365 -0.05168941617012024 3.65
366 -0.06035946682095528 3.66
367 -0.06693237274885178 3.67
368 -0.0715658888220787 3.68
369 -0.07451927661895752 3.69
370 -0.07551570981740952 3.7
371 -0.07432300597429276 3.71
372 -0.07096056640148163 3.72
373 -0.06555738300085068 3.73
374 -0.0581229068338871 3.74
375 -0.04845258593559265 3.75
376 -0.0366942398250103 3.76
377 -0.02360478229820728 3.77
378 -0.009827664121985435 3.78
379 0.003638149471953511 3.79
380 0.01508650183677673 3.8
381 0.02328765764832497 3.81
382 0.02747796662151814 3.82
383 0.02681033499538898 3.83
384 0.02178477309644222 3.84
385 0.01333344075828791 3.85
386 0.002389230765402317 3.86
387 -0.01017122436314821 3.87
388 -0.02333936467766762 3.88
389 -0.03606296703219414 3.89
390 -0.04749520868062973 3.9
391 -0.05711836367845535 3.91
392 -0.06468002498149872 3.92
393 -0.07008861750364304 3.93
394 -0.07380661368370056 3.94
395 -0.07566982507705688 3.95
396 -0.07550762593746185 3.96
397 -0.07309163361787796 3.97
398 -0.06858564168214798 3.98
399 -0.06206222251057625 3.99
400 -0.05336527898907661 4
401 -0.04238437488675117 4.01
402 -0.02962308190762997 4.02
403 -0.01591837219893932 4.03
404 -0.00200814800336957 4.04
405 0.01070383470505476 4.05
406 0.02042800188064575 4.06
407 0.02650915831327438 4.07
408 0.02799332328140736 4.08
409 0.02464124746620655 4.09
410 0.01742345653474331 4.1
411 0.007297322154045105 4.11
412 -0.004845837596803904 4.12
413 -0.01800734363496304 4.13
414 -0.03113642148673534 4.14
415 -0.04322434216737747 4.15
416 -0.05367009341716766 4.16
417 -0.06207386404275894 4.17
418 -0.06832987815141678 4.18
419 -0.0726788341999054 4.19
420 -0.07532408088445663 4.2
421 -0.0760040357708931 4.21
422 -0.07447004318237305 4.22
423 -0.07078790664672852 4.23
424 -0.0650559663772583 4.24
425 -0.05723882094025612 4.25
426 -0.047132458537817 4.26
427 -0.03495967388153076 4.27
428 -0.02150463126599789 4.28
429 -0.007439086679369211 4.29
430 0.006082914769649506 4.3
431 0.01722008176147938 4.31
432 0.02501010149717331 4.32
433 0.0284421369433403 4.33
434 0.02673131227493286 4.34
435 0.02076450176537037 4.350000000000001
436 0.01153022516518831 4.36
437 -4.22751581936609e-05 4.37
438 -0.01298608910292387 4.38
439 -0.02627305500209332 4.39
440 -0.0388723723590374 4.4
441 -0.05001732334494591 4.41
442 -0.05922496691346169 4.42
443 -0.06632325053215027 4.43
444 -0.0712776780128479 4.44
445 -0.07460998743772507 4.45
446 -0.07604612410068512 4.46
447 -0.07537446916103363 4.47
448 -0.07248833775520325 4.48
449 -0.06752822548151016 4.49
450 -0.06054345518350601 4.5
451 -0.05130717903375626 4.51
452 -0.03980803862214088 4.52
453 -0.02670731954276562 4.53
454 -0.01274276617914438 4.54
455 0.001191812800243497 4.55
456 0.01346315816044807 4.56
457 0.02245769649744034 4.57
458 0.02755126170814037 4.58
459 0.02777059189975262 4.59
460 0.02333481051027775 4.600000000000001
461 0.01525072380900383 4.61
462 0.004485241137444973 4.62
463 -0.008069983683526516 4.63
464 -0.02137243375182152 4.64
465 -0.03436367586255074 4.65
466 -0.04610470309853554 4.66
467 -0.0560695007443428 4.67
468 -0.06395050138235092 4.68
469 -0.06967297941446304 4.69
470 -0.07362537086009979 4.7
471 -0.07576169818639755 4.71
472 -0.07591304928064346 4.72
473 -0.07383982837200165 4.73
474 -0.0696391835808754 4.74
475 -0.06339707225561142 4.75
476 -0.05501400679349899 4.76
477 -0.04429631307721138 4.77
478 -0.03165939077734947 4.78
479 -0.01794779114425182 4.79
480 -0.003866972867399454 4.8
481 0.00926768034696579 4.81
482 0.01949505880475044 4.82
483 0.02623468823730946 4.83
484 0.02839894033968449 4.84
485 0.02556254714727402 4.850000000000001
486 0.01867750845849514 4.86
487 0.0087575763463974 4.87
488 -0.003287096973508596 4.88
489 -0.01645266078412533 4.89
490 -0.02969355694949627 4.9
491 -0.04198219999670982 4.91
492 -0.05267427489161491 4.92
493 -0.06132647022604942 4.93
494 -0.06783977895975113 4.94
495 -0.07236355543136597 4.95
496 -0.07521527260541916 4.96
497 -0.07612920552492142 4.97
498 -0.07486256957054138 4.98
499 -0.07141818106174469 4.99
500 -0.06591901183128357 5
501 -0.05835679173469543 5.01
502 -0.04850603640079498 5.02
503 -0.03649330884218216 5.03
504 -0.02309897541999817 5.04
505 -0.008987677283585072 5.05
506 0.004743694793432951 5.06
507 0.01627181842923164 5.07
508 0.02444334514439106 5.08
509 0.02836743555963039 5.09
510 0.02718055061995983 5.100000000000001
511 0.02159462124109268 5.11
512 0.01262027677148581 5.12
513 0.001224815146997571 5.13
514 -0.01164846681058407 5.14
515 -0.02497585117816925 5.15
516 -0.03770532831549644 5.16
517 -0.04902412369847298 5.17
518 -0.05844359844923019 5.18
519 -0.06576428562402725 5.19
520 -0.07092190533876419 5.2
521 -0.07441388070583344 5.21
522 -0.0760364755988121 5.22
523 -0.07559774070978165 5.23
524 -0.07292971760034561 5.24
525 -0.06817200034856796 5.25
526 -0.06138771027326584 5.26
527 -0.05237901955842972 5.27
528 -0.0410730354487896 5.28
529 -0.02806160785257816 5.29
530 -0.01413372531533241 5.3
531 -0.0001341689203400165 5.31
532 0.01241635624319315 5.32
533 0.02177542448043823 5.33
534 0.02730871364474297 5.34
535 0.02801960334181786 5.350000000000001
536 0.02398881874978542 5.36
537 0.01622657291591167 5.37
538 0.00567057216539979 5.38
539 -0.006776813883334398 5.39
540 -0.02007792703807354 5.4
541 -0.03316604346036911 5.41
542 -0.04506887495517731 5.42
543 -0.05523425340652466 5.43
544 -0.0633188858628273 5.44
545 -0.06924241781234741 5.45
546 -0.0733390599489212 5.46
547 -0.07566920667886734 5.47
548 -0.07602385431528091 5.48
549 -0.07415633648633957 5.49
550 -0.07015056163072586 5.5
551 -0.06409651786088943 5.51
552 -0.05591877922415733 5.52
553 -0.04542209580540657 5.53
554 -0.03293382376432419 5.54
555 -0.01929643750190735 5.55
556 -0.005180222913622856 5.56
557 0.008153260685503483 5.57
558 0.01873968355357647 5.58
559 0.02593466639518738 5.59
560 0.0285792276263237 5.600000000000001
561 0.02611931972205639 5.61
562 0.01954244077205658 5.62
563 0.009839176200330257 5.63
564 -0.002078200224786997 5.64
565 -0.01520090643316507 5.65
566 -0.0284853782504797 5.66
567 -0.04090746119618416 5.67
568 -0.05177370086312294 5.68
569 -0.06062457337975502 5.69
570 -0.06734561175107956 5.7
571 -0.07201377302408218 5.71
572 -0.0750359520316124 5.72
573 -0.07613568007946014 5.73
574 -0.07508383691310883 5.74
575 -0.07183194905519485 5.75
576 -0.06652295589447021 5.76
577 -0.05916295573115349 5.77
578 -0.04951212555170059 5.78
579 -0.03767221048474312 5.79
580 -0.02437455579638481 5.8
581 -0.01029278710484505 5.81
582 0.003559688571840525 5.82
583 0.01536903157830238 5.83
584 0.02384121157228947 5.84
585 0.02815888077020645 5.850000000000001
586 0.02743443660438061 5.86
587 0.02222226373851299 5.87
588 0.01352528855204582 5.88
589 0.0023341856431216 5.89
590 -0.01044078636914492 5.9
591 -0.02377403527498245 5.91
592 -0.03659985959529877 5.92
593 -0.04806312546133995 5.93
594 -0.05766819790005684 5.94
595 -0.06518196314573288 5.95
596 -0.07053063809871674 5.96
597 -0.07417833060026169 5.97
598 -0.07597276568412781 5.98
599 -0.07574545592069626 5.99
600 -0.0732685923576355 6
601 -0.06869608908891678 6.01
602 -0.06209413707256317 6.02
603 -0.05329487100243568 6.03
604 -0.0421820655465126 6.04
605 -0.02927271835505962 6.05
606 -0.01541020162403584 6.06
607 -0.001367932069115341 6.07
608 0.01138967741280794 6.08
609 0.02106824703514576 6.09
610 0.02700660936534405 6.100000000000001
611 0.02820575423538685 6.11
612 0.02455540187656879 6.12
613 0.0170666016638279 6.13
614 0.006705209147185087 6.140000000000001
615 -0.005621114745736122 6.15
616 -0.01889221556484699 6.16
617 -0.03204464167356491 6.17
618 -0.0440811887383461 6.18
619 -0.05442158877849579 6.19
620 -0.06269408017396927 6.2
621 -0.06880735605955124 6.21
622 -0.07304003834724426 6.22
623 -0.0755528062582016 6.23
624 -0.07609532028436661 6.24
625 -0.0744202584028244 6.25
626 -0.07059533149003983 6.26
627 -0.06471902877092361 6.27
628 -0.05673754215240479 6.28
629 -0.04645322263240814 6.29
630 -0.03412499651312828 6.3
631 -0.02055679447948933 6.31
632 -0.006426082924008369 6.32
633 0.007057131268084049 6.33
634 0.01797798462212086 6.34
635 0.02551788091659546 6.350000000000001
636 0.02862128056585789 6.36
637 0.02654323168098927 6.37
638 0.02026613987982273 6.38
639 0.01078132726252079 6.390000000000001
640 -0.0009862428996711969 6.4
641 -0.01404397189617157 6.41
642 -0.02735121361911297 6.42
643 -0.03988170623779297 6.43
644 -0.05090321227908134 6.44
645 -0.05994332954287529 6.45
646 -0.06685964018106461 6.46
647 -0.07166638225317001 6.47
648 -0.07485088706016541 6.48
649 -0.07612337172031403 6.49
650 -0.07526581734418869 6.5
651 -0.07220716774463654 6.51
652 -0.06707783043384552 6.52
653 -0.05991452559828758 6.53
654 -0.05046884715557098 6.54
655 -0.0387958325445652 6.55
656 -0.02559029683470726 6.56
657 -0.01155485026538372 6.57
658 0.002366827335208654 6.58
659 0.0144295385107398 6.59
660 0.02318587340414524 6.600000000000001
661 0.02789577655494213 6.61
662 0.02763229608535767 6.62
663 0.02279348112642765 6.63
664 0.01438186503946781 6.640000000000001
665 0.003398763714358211 6.65
666 -0.0092752855271101 6.66
667 -0.02260052785277367 6.67
668 -0.03551428392529488 6.68
669 -0.04711658507585526 6.69
670 -0.05689867213368416 6.7
671 -0.06459025293588638 6.71
672 -0.0701221376657486 6.72
673 -0.07392195612192154 6.73
674 -0.07588266581296921 6.74
675 -0.0758446678519249 6.75
676 -0.0735662430524826 6.76
677 -0.06917783617973328 6.77
678 -0.06275483965873718 6.78
679 -0.05416524037718773 6.79
680 -0.0432417094707489 6.8
681 -0.03045906685292721 6.81
682 -0.0166601873934269 6.82
683 -0.002589830895885825 6.83
684 0.01035801041871309 6.84
685 0.02031290344893932 6.850000000000001
686 0.02663496881723404 6.86
687 0.02831300161778927 6.87
688 0.02505329251289368 6.88
689 0.01784536987543106 6.890000000000001
690 0.007689826656132936 6.9
691 -0.004500988870859146 6.91
692 -0.01772120781242847 6.92
693 -0.03091901354491711 6.93
694 -0.04307800531387329 6.94
695 -0.05358902364969254 6.95
696 -0.06204535812139511 6.96
697 -0.06835193932056427 6.97
698 -0.07272415608167648 6.98
699 -0.07540283352136612 6.99
700 -0.07612507790327072 7
701 -0.07464367151260376 7.01
702 -0.07100626826286316 7.02
703 -0.06531409174203873 7.03
704 -0.05753793939948082 7.04
705 -0.04746278747916222 7.05
706 -0.03528691455721855 7.06
707 -0.02179836295545101 7.07
708 -0.007669425569474697 7.08
709 0.005939336493611336 7.09
710 0.01717817410826683 7.100000000000001
711 0.02505527250468731 7.11
712 0.02855669520795345 7.12
713 0.02688477002084255 7.13
714 0.0209217295050621 7.140000000000001
715 0.01167180854827166 7.15
716 7.589881715830415e-05 7.16
717 -0.01289666537195444 7.17
718 -0.02621451392769814 7.18
719 -0.03884276002645493 7.19
720 -0.05000865086913109 7.2
721 -0.05923495441675186 7.21
722 -0.06634829193353653 7.22
723 -0.07131226360797882 7.23
724 -0.0746488943696022 7.24
725 -0.07609376311302185 7.25
726 -0.07543635368347168 7.26
727 -0.07256306707859039 7.27
728 -0.06761331856250763 7.28
729 -0.06063694134354591 7.29
730 -0.05140801519155502 7.3
731 -0.03990625962615013 7.31
732 -0.02679007314145565 7.32
733 -0.01280220691114664 7.33
734 0.001162105007097125 7.34
735 0.01346714422106743 7.350000000000001
736 0.02248998172581196 7.36
737 0.02760165743529797 7.37
738 0.02782533131539822 7.38
739 0.02338177897036076 7.390000000000001
740 0.01528233103454113 7.4
741 0.004499114118516445 7.41
742 -0.00807297695428133 7.42
743 -0.02138955146074295 7.43
744 -0.034391138702631 7.44
745 -0.04613760858774185 7.45
746 -0.05610391497612 7.46
747 -0.06398364901542664 7.47
748 -0.06970331072807312 7.48
749 -0.07365177571773529 7.49
750 -0.07578472048044205 7.5
751 -0.07593349367380142 7.51
752 -0.07385808229446411 7.52
753 -0.06965456902980804 7.53
754 -0.06340853869915009 7.54
755 -0.05502014234662056 7.55
756 -0.04429491609334946 7.56
757 -0.03164799138903618 7.57
758 -0.01792469061911106 7.58
759 -0.003832272021099925 7.59
760 0.009309554472565651 7.600000000000001
761 0.01953594572842121 7.61
762 0.02626776322722435 7.62
763 0.02841828390955925 7.63
764 0.02556346543133259 7.640000000000001
765 0.01865910924971104 7.65
766 0.008721588179469109 7.66
767 -0.003336944384500384 7.67
768 -0.01651131547987461 7.68
769 -0.02975538186728954 7.69
770 -0.04204150661826134 7.7
771 -0.05272731930017471 7.71
772 -0.06137095019221306 7.72
773 -0.06787462532520294 7.73
774 -0.07239022850990295 7.74
775 -0.07523364573717117 7.75
776 -0.0761384516954422 7.76
777 -0.0748618096113205 7.77
778 -0.07140819728374481 7.78
779 -0.0658995732665062 7.79
780 -0.05832688510417938 7.8
781 -0.04846413806080818 7.81
782 -0.036440409719944 7.82
783 -0.02303778380155563 7.83
784 -0.008920218795537949 7.84
785 0.004810040351003408 7.850000000000001
786 0.01632805727422237 7.86
787 0.02448795363306999 7.87
788 0.02838969975709915 7.88
789 0.02717353217303753 7.890000000000001
790 0.0215626135468483 7.9
791 0.01256885379552841 7.91
792 0.001158415572717786 7.92
793 -0.01172379497438669 7.930000000000001
794 -0.02505318261682987 7.94
795 -0.03777849301695824 7.95
796 -0.04908903315663338 7.96
797 -0.058497104793787 7.97
798 -0.06580542027950287 7.98
799 -0.070950947701931 7.99
800 -0.07443288713693619 8
801 -0.07604434341192245 8.01
802 -0.07559226453304291 8.02
803 -0.07291188091039658 8.029999999999999
804 -0.06814242154359818 8.040000000000001
805 -0.06134599074721336 8.050000000000001
806 -0.05232325941324234 8.06
807 -0.04100370779633522 8.07
808 -0.02798503264784813 8.08
809 -0.01405135449022055 8.09
810 -5.18991073477082e-05 8.1
811 0.01248735748231411 8.109999999999999
812 0.02182652615010738 8.120000000000001
813 0.02733118273317814 8.130000000000001
814 0.02800954505801201 8.140000000000001
815 0.02395211905241013 8.15
816 0.01616894826292992 8.16
817 0.005596877075731754 8.17
818 -0.006860706955194473 8.18
819 -0.02016430348157883 8.19
820 -0.033248171210289 8.199999999999999
821 -0.04514149203896523 8.210000000000001
822 -0.05529412999749184 8.220000000000001
823 -0.06336529552936554 8.23
824 -0.06927531212568283 8.24
825 -0.07336205244064331 8.25
826 -0.07567881047725677 8.26
827 -0.07602006942033768 8.27
828 -0.07413888722658157 8.279999999999999
829 -0.07011975347995758 8.290000000000001
830 -0.06405290216207504 8.300000000000001
831 -0.05586100369691849 8.31
832 -0.04534845054149628 8.32
833 -0.03284839168190956 8.33
834 -0.01920471712946892 8.34
835 -0.005088957957923412 8.35
836 0.008233907632529736 8.359999999999999
837 0.01879635266959667 8.370000000000001
838 0.02596475929021835 8.380000000000001
839 0.02857253327965736 8.390000000000001
840 0.02608552947640419 8.4
841 0.01948551647365093 8.41
842 0.009765257127583027 8.42
843 -0.002163047669455409 8.43
844 -0.01529033109545708 8.44
845 -0.02857288159430027 8.449999999999999
846 -0.04098641127347946 8.460000000000001
847 -0.05184061452746391 8.470000000000001
848 -0.06067705899477005 8.48
849 -0.06738310307264328 8.49
850 -0.07204096764326096 8.5
851 -0.07505052536725998 8.51
852 -0.07613696902990341 8.52
853 -0.07506968080997467 8.529999999999999
854 -0.07180382311344147 8.540000000000001
855 -0.06648153811693192 8.550000000000001
856 -0.05910631269216537 8.56
857 -0.04944084584712982 8.57
858 -0.03758790716528893 8.58
859 -0.02428235299885273 8.59
860 -0.01019677985459566 8.6
861 0.003648561658337712 8.609999999999999
862 0.01543824002146721 8.620000000000001
863 0.02388843148946762 8.630000000000001
864 0.02817752212285995 8.640000000000001
865 0.02741892822086811 8.65
866 0.02217821776866913 8.66
867 0.01345948502421379 8.67
868 0.002252352191135287 8.68
869 -0.01053057704120874 8.69
870 -0.02386434189975262 8.700000000000001
871 -0.03668338060379028 8.710000000000001
872 -0.04813602939248085 8.720000000000001
873 -0.05772734805941582 8.73
874 -0.0652269721031189 8.74
875 -0.07056146115064621 8.75
876 -0.07419733703136444 8.76
877 -0.07597886770963669 8.77
878 -0.07573603093624115 8.779999999999999
879 -0.07324463874101639 8.790000000000001
880 -0.0686584860086441 8.800000000000001
881 -0.06204314902424812 8.81
882 -0.05322789028286934 8.82
883 -0.04210040345788002 8.83
884 -0.0291824284940958 8.84
885 -0.01531438808888197 8.85
886 -0.001274524955078959 8.859999999999999
887 0.01146754715591669 8.870000000000001
888 0.02112227864563465 8.880000000000001
889 0.02703237533569336 8.890000000000001
890 0.02819434367120266 8.9
891 0.02451469004154205 8.91
892 0.01700565218925476 8.92
893 0.006629792973399162 8.93
894 -0.005705749616026878 8.94
895 -0.01897991448640823 8.950000000000001
896 -0.03212839365005493 8.960000000000001
897 -0.0441555492579937 8.970000000000001
898 -0.05448315665125847 8.98
899 -0.06274182349443436 8.99
900 -0.0688408762216568 9
901 -0.07306315004825592 9.01
902 -0.07556278258562088 9.02
903 -0.07609084248542786 9.029999999999999
904 -0.07440079003572464 9.040000000000001
905 -0.07056325674057007 9.050000000000001
906 -0.0646737739443779 9.06
907 -0.0566772036254406 9.07
908 -0.04637651890516281 9.08
909 -0.0340360552072525 9.09
910 -0.02046215161681175 9.1
911 -0.006331700831651688 9.109999999999999
912 0.007140830159187317 9.120000000000001
913 0.01803674921393394 9.130000000000001
914 0.02554957009851933 9.140000000000001
915 0.02862298674881458 9.15
916 0.02651560120284557 9.16
917 0.02021602541208267 9.17
918 0.01071441452950239 9.18
919 -0.001065709860995412 9.19
920 -0.01412950921803713 9.200000000000001
921 -0.02743584662675858 9.210000000000001
922 -0.03995899856090546 9.220000000000001
923 -0.05096952989697456 9.23
924 -0.05999557673931122 9.24
925 -0.06689714640378952 9.25
926 -0.07169286906719208 9.26
927 -0.07486537843942642 9.27
928 -0.07612496614456177 9.279999999999999
929 -0.07525304704904556 9.290000000000001
930 -0.07217970490455627 9.300000000000001
931 -0.06703658401966095 9.31
932 -0.05985883995890617 9.32
933 -0.05039683729410172 9.33
934 -0.03871072456240654 9.34
935 -0.02549880556762218 9.35
936 -0.01145999412983656 9.359999999999999
937 0.002458821982145309 9.370000000000001
938 0.01450219936668873 9.380000000000001
939 0.02323952130973339 9.390000000000001
940 0.02791680209338665 9.4
941 0.02761622332036495 9.41
942 0.02274793386459351 9.42
943 0.01431440375745296 9.43
944 0.003316480200737715 9.44
945 -0.00936528667807579 9.450000000000001
946 -0.02269146777689457 9.460000000000001
947 -0.03559871017932892 9.470000000000001
948 -0.04719020426273346 9.48
949 -0.05695847049355507 9.49
950 -0.06463620811700821 9.5
951 -0.07015379518270493 9.51
952 -0.07394200563430786 9.52
953 -0.07589045912027359 9.529999999999999
954 -0.07583813369274139 9.540000000000001
955 -0.07354428619146347 9.550000000000001
956 -0.06914165616035461 9.56
957 -0.06270506978034973 9.57
958 -0.05410002917051315 9.58
959 -0.04316183179616928 9.59
960 -0.03036887757480145 9.6
961 -0.01656549237668514 9.609999999999999
962 -0.002497922861948609 9.620000000000001
963 0.01043582148849964 9.630000000000001
964 0.02037336118519306 9.640000000000001
965 0.02666454203426838 9.65
966 0.02830649353563786 9.66
967 0.02501673437654972 9.67
968 0.01778643578290939 9.68
969 0.007614954374730587 9.69
970 -0.004586271941661835 9.700000000000001
971 -0.01781060360372066 9.710000000000001
972 -0.03100528940558434 9.720000000000001
973 -0.04315521940588951 9.73
974 -0.0536532960832119 9.74
975 -0.06209594756364822 9.75
976 -0.06838757544755936 9.76
977 -0.07274891436100006 9.77
978 -0.07541509717702866 9.779999999999999
979 -0.07612358778715134 9.790000000000001
980 -0.07462671399116516 9.800000000000001
981 -0.07097522169351578 9.81
982 -0.06526894122362137 9.82
983 -0.05747690424323082 9.83
984 -0.04738591611385345 9.84
985 -0.03519884496927261 9.85
986 -0.02170354127883911 9.859999999999999
987 -0.00757439061999321 9.870000000000001
988 0.006025292910635471 9.880000000000001
989 0.0172415915876627 9.890000000000001
990 0.0250953733921051 9.9
991 0.02856633253395557 9.91
992 0.02686061151325703 9.92
993 0.02087151817977428 9.93
994 0.01160229369997978 9.94
995 -7.579405064461753e-06 9.950000000000001
996 -0.01298681553453207 9.960000000000001
997 -0.0263035986572504 9.970000000000001
998 -0.03892414644360542 9.98
999 -0.05007899925112724 9.99
1000 -0.05929094552993774 10
