"report-def-0-rfile"
"Time Step" "report-def-0 etc.."
("Time Step" "report-def-0" "flow-time")
0 0 0
1 -0.006952201947569847 0.01
2 -0.01298841275274754 0.02
3 -0.01546161528676748 0.03
4 -0.01802585087716579 0.04
5 -0.02050062641501427 0.05
6 -0.02309743128716946 0.06
7 -0.02598822675645351 0.07000000000000001
8 -0.02924476563930511 0.08
9 -0.03282386809587479 0.09
10 -0.03659438341856003 0.1
11 -0.04040671139955521 0.11
12 -0.04415794834494591 0.12
13 -0.04778795689344406 0.13
14 -0.0512516163289547 0.14
15 -0.05447998270392418 0.15
16 -0.05733965709805489 0.16
17 -0.05973601341247559 0.17
18 -0.06155562400817871 0.18
19 -0.0627821758389473 0.19
20 -0.06363865733146667 0.2
21 -0.06419176608324051 0.21
22 -0.06435611099004745 0.22
23 -0.06417866796255112 0.23
24 -0.06375718861818314 0.24
25 -0.06313467025756836 0.25
26 -0.06227228790521622 0.26
27 -0.06118205934762955 0.27
28 -0.05986794084310532 0.28
29 -0.05840625986456871 0.29
30 -0.05680806189775467 0.3
31 -0.05509229004383087 0.31
32 -0.05328156799077988 0.32
33 -0.05138048529624939 0.33
34 -0.04939389601349831 0.34
35 -0.04734122380614281 0.35
36 -0.04522712901234627 0.36
37 -0.0430755652487278 0.37
38 -0.04089664667844772 0.38
39 -0.03870206326246262 0.39
40 -0.0365217812359333 0.4
41 -0.03436611965298653 0.41
42 -0.03221944347023964 0.42
43 -0.03007903881371021 0.43
44 -0.02798462100327015 0.44
45 -0.02591769210994244 0.45
46 -0.02393948100507259 0.46
47 -0.02202923037111759 0.47
48 -0.02017888054251671 0.48
49 -0.01839562132954597 0.49
50 -0.01668133400380611 0.5
51 -0.01502863224595785 0.51
52 -0.01342767663300037 0.52
53 -0.01188485324382782 0.53
54 -0.01040975097566843 0.54
55 -0.009657353162765503 0.55
56 -0.008495713584125042 0.5600000000000001
57 -0.007818500511348248 0.5700000000000001
58 -0.006727478001266718 0.58
59 -0.006080827675759792 0.59
60 -0.005029094405472279 0.6
61 -0.004405093844980001 0.61
62 -0.003433284116908908 0.62
63 -0.002369182417169213 0.63
64 -0.001771325478330255 0.64
65 -0.0008134479867294431 0.65
66 -0.0002379383658990264 0.66
67 0.0006730593158863485 0.67
68 0.001231640810146928 0.68
69 0.002142183715477586 0.6900000000000001
70 0.002692586975172162 0.7000000000000001
71 0.003598702605813742 0.71
72 0.00414528651162982 0.72
73 0.005041597876697779 0.73
74 0.005579291842877865 0.74
75 0.006459722761064768 0.75
76 0.006987776607275009 0.76
77 0.007800677791237831 0.77
78 0.008308622054755688 0.78
79 0.009162078611552715 0.79
80 0.009665850549936295 0.8
81 0.01043387316167355 0.8100000000000001
82 0.010905128903687 0.8200000000000001
83 0.01169158238917589 0.8300000000000001
84 0.01215385366231203 0.84
85 0.01255742739886045 0.85
86 0.01328025199472904 0.86
87 0.01371159125119448 0.87
88 0.01408294774591923 0.88
89 0.01473855692893267 0.89
90 0.01512596849352121 0.9
91 0.01545640360563993 0.91
92 0.01599485240876675 0.92
93 0.0163203552365303 0.93
94 0.0167923029512167 0.9400000000000001
95 0.01706896908581257 0.9500000000000001
96 0.01748950965702534 0.96
97 0.01772030629217625 0.97
98 0.01790281198918819 0.98
99 0.0182021725922823 0.99
100 0.01836147531867027 1
101 0.01848135702311993 1.01
102 0.01864960230886936 1.02
103 0.01872748509049416 1.03
104 0.01879630982875824 1.04
105 0.01882063783705235 1.05
106 0.01881201379001141 1.06
107 0.01878821477293968 1.07
108 0.01869912631809711 1.08
109 0.01863101869821548 1.09
110 0.01846975088119507 1.1
111 0.01837310940027237 1.11
112 0.01818111352622509 1.12
113 0.01807333342730999 1.13
114 0.01787049695849419 1.14
115 0.01776527799665928 1.15
116 0.01758166775107384 1.16
117 0.0174961443990469 1.17
118 0.01735780201852322 1.18
119 0.0173058807849884 1.19
120 0.01723537407815456 1.2
121 0.01721611618995667 1.21
122 0.01727975159883499 1.22
123 0.0174451544880867 1.23
124 0.01772372610867023 1.24
125 0.01813484728336334 1.25
126 0.0186790507286787 1.26
127 0.01935330592095852 1.27
128 0.02013993635773659 1.28
129 0.02102208882570267 1.29
130 0.02199906297028065 1.3
131 0.02300332859158516 1.31
132 0.02403596043586731 1.32
133 0.02505334280431271 1.33
134 0.02601094357669353 1.34
135 0.02687199041247368 1.35
136 0.02761992253363132 1.36
137 0.02820488251745701 1.37
138 0.02857642620801926 1.38
139 0.02868237718939781 1.39
140 0.02849472872912884 1.4
141 0.02801312878727913 1.41
142 0.0272153727710247 1.42
143 0.02608396857976913 1.43
144 0.0246432963758707 1.44
145 0.02291961759328842 1.45
146 0.02091582305729389 1.46
147 0.0186576135456562 1.47
148 0.01614429615437984 1.48
149 0.01346421241760254 1.49
150 0.01070803496986628 1.5
151 0.007975958287715912 1.51
152 0.00536656565964222 1.52
153 0.003046158235520124 1.53
154 0.001086105359718204 1.54
155 -0.0004331814125180244 1.55
156 -0.001398081425577402 1.56
157 -0.00168434449005872 1.57
158 -0.001198610640130937 1.58
159 0.0001076234839274548 1.59
160 0.002185029210522771 1.6
161 0.004913527052849531 1.61
162 0.008142923004925251 1.62
163 0.01174509897828102 1.63
164 0.01546427235007286 1.64
165 0.01903741061687469 1.65
166 0.02225606702268124 1.66
167 0.02499483712017536 1.67
168 0.02712845057249069 1.68
169 0.0285247378051281 1.69
170 0.02903617173433304 1.7
171 0.02852405793964863 1.71
172 0.02699050307273865 1.72
173 0.02440115809440613 1.73
174 0.02071063220500946 1.74
175 0.01590338163077831 1.75
176 0.0100089879706502 1.76
177 0.003129888325929642 1.77
178 -0.004486524499952793 1.78
179 -0.01258737593889236 1.79
180 -0.02087133005261421 1.8
181 -0.02916560508310795 1.81
182 -0.03694582358002663 1.82
183 -0.04344085976481438 1.83
184 -0.04816411808133125 1.84
185 -0.05073511600494385 1.85
186 -0.05109239742159843 1.86
187 -0.04918211698532104 1.87
188 -0.0449390821158886 1.88
189 -0.03853032737970352 1.89
190 -0.03055536933243275 1.9
191 -0.0216938704252243 1.91
192 -0.01245159097015858 1.92
193 -0.003451307769864798 1.93
194 0.004473706241697073 1.94
195 0.01064723171293736 1.95
196 0.01457896549254656 1.96
197 0.01597262918949127 1.97
198 0.01455455832183361 1.98
199 0.01046309154480696 1.99
200 0.003786917077377439 2
201 -0.005203906912356615 2.01
202 -0.01580688171088696 2.02
203 -0.02722497470676899 2.03
204 -0.038560651242733 2.04
205 -0.04896800592541695 2.05
206 -0.05797237157821655 2.06
207 -0.06532561033964157 2.07
208 -0.07022209465503693 2.08
209 -0.07223284244537354 2.09
210 -0.07111652940511703 2.1
211 -0.06719501316547394 2.11
212 -0.06066368892788887 2.12
213 -0.05155918747186661 2.13
214 -0.04029260203242302 2.14
215 -0.02780241519212723 2.15
216 -0.01478835940361023 2.16
217 -0.002072959439828992 2.17
218 0.009022342972457409 2.18
219 0.01716398447751999 2.19
220 0.02181005477905273 2.2
221 0.02216612920165062 2.21
222 0.01810984872281551 2.22
223 0.01013295818120241 2.23
224 -0.001100419787690043 2.24
225 -0.01465116534382105 2.25
226 -0.02920902334153652 2.26
227 -0.04341914132237434 2.27
228 -0.05602977424860001 2.28
229 -0.06625664979219437 2.29
230 -0.0739084929227829 2.3
231 -0.07911399006843567 2.31
232 -0.08133403211832047 2.32
233 -0.08025409281253815 2.33
234 -0.07608363777399063 2.34
235 -0.06909773498773575 2.35
236 -0.05924901738762856 2.36
237 -0.04661212861537933 2.37
238 -0.03197157010436058 2.38
239 -0.01638705842196941 2.39
240 -0.0008591895457357168 2.4
241 0.01278382632881403 2.41
242 0.02253643050789833 2.42
243 0.02749862149357796 2.43
244 0.02645708248019218 2.44
245 0.01995461247861385 2.45
246 0.008987805806100368 2.46
247 -0.005284516140818596 2.47
248 -0.02134139090776443 2.48
249 -0.03751865401864052 2.49
250 -0.05229350924491882 2.5
251 -0.06456055492162704 2.51
252 -0.07384169846773148 2.52
253 -0.08024444431066513 2.53
254 -0.08401764184236526 2.54
255 -0.0848139300942421 2.55
256 -0.08232491463422775 2.56
257 -0.07675984501838684 2.57
258 -0.06831624358892441 2.58
259 -0.05674201995134354 2.59
260 -0.04213868454098701 2.6
261 -0.025568762794137 2.61
262 -0.0080763204023242 2.62
263 0.008554611355066299 2.63
264 0.02157711796462536 2.64
265 0.0297650583088398 2.65
266 0.03134486824274063 2.66
267 0.02614815346896648 2.67
268 0.01552095636725426 2.68
269 0.0009655569447204471 2.69
270 -0.01587466895580292 2.7
271 -0.03319378197193146 2.71
272 -0.049171082675457 2.72
273 -0.06268083304166794 2.73
274 -0.07306338101625443 2.74
275 -0.08015914261341095 2.75
276 -0.08467675000429153 2.76
277 -0.08635757863521576 2.77
278 -0.08489497750997543 2.78
279 -0.08023378998041153 2.79
280 -0.07256332784891129 2.8
281 -0.06174056604504585 2.81
282 -0.04753769561648369 2.82
283 -0.03066361136734486 2.83
284 -0.01239675190299749 2.84
285 0.005681180395185947 2.85
286 0.02066607587039471 2.86
287 0.03075722604990005 2.87
288 0.0338984876871109 2.88
289 0.02946275286376476 2.89
290 0.01906390115618706 2.9
291 0.004406364634633064 2.91
292 -0.01281837560236454 2.92
293 -0.03069802187383175 2.93
294 -0.04735137522220612 2.94
295 -0.06149012222886086 2.95
296 -0.07240872830152512 2.96
297 -0.08000757545232773 2.97
298 -0.0848592147231102 2.98
299 -0.08693134039640427 2.99
300 -0.08598273992538452 3
301 -0.08181149512529373 3.01
302 -0.07458069175481796 3.02
303 -0.06418433785438538 3.03
304 -0.05032504349946976 3.04
305 -0.03346466273069382 3.05
306 -0.01492601726204157 3.06
307 0.003785922890529037 3.07
308 0.01975910365581512 3.08
309 0.03078434616327286 3.09
310 0.03480863943696022 3.1
311 0.03089240007102489 3.11
312 0.02068382687866688 3.12
313 0.006047102157026529 3.13
314 -0.01128235179930925 3.14
315 -0.02938075922429562 3.15
316 -0.04634688049554825 3.16
317 -0.06079858914017677 3.17
318 -0.0720033198595047 3.18
319 -0.07986705750226974 3.19
320 -0.08489323407411575 3.2
321 -0.08716519922018051 3.21
322 -0.08647540956735611 3.22
323 -0.08255974948406219 3.23
324 -0.07555722445249557 3.24
325 -0.06540173292160034 3.25
326 -0.05174859613180161 3.26
327 -0.03493654727935791 3.27
328 -0.01630592532455921 3.28
329 0.002672267844900489 3.29
330 0.01912457309663296 3.3
331 0.0306457132101059 3.31
332 0.03521091490983963 3.32
333 0.03166139498353004 3.33
334 0.02162647619843483 3.34
335 0.007050920743495226 3.35
336 -0.01029160525649786 3.36
337 -0.02848312817513943 3.37
338 -0.04561828076839447 3.38
339 -0.0602547712624073 3.39
340 -0.07165602594614029 3.4
341 -0.07969915866851807 3.41
342 -0.08483465760946274 3.42
343 -0.08724214136600494 3.43
344 -0.08673285692930222 3.44
345 -0.08298415690660477 3.45
346 -0.07612769305706024 3.46
347 -0.06612900644540787 3.47
348 -0.05261947587132454 3.48
349 -0.0358799546957016 3.49
350 -0.01723284274339676 3.5
351 0.001879487186670303 3.51
352 0.01861719414591789 3.52
353 0.03043780103325844 3.53
354 0.03534223884344101 3.54
355 0.03207564726471901 3.55
356 0.02223018370568752 3.56
357 0.007759239990264177 3.57
358 -0.009547822177410126 3.58
359 -0.02777643874287605 3.59
360 -0.04501856490969658 3.6
361 -0.05978360399603844 3.61
362 -0.07133220136165619 3.62
363 -0.0795142650604248 3.63
364 -0.08473872393369675 3.64
365 -0.08724885433912277 3.65
366 -0.0868801474571228 3.66
367 -0.08326338976621628 3.67
368 -0.07652688026428223 3.68
369 -0.0666569247841835 3.69
370 -0.05327356979250908 3.7
371 -0.03661321848630905 3.71
372 -0.01798758283257484 3.72
373 0.001187304616905749 3.73
374 0.01813303679227829 3.74
375 0.03018256649374962 3.75
376 0.03537175431847572 3.76
377 0.03235453739762306 3.77
378 0.02271106652915478 3.78
379 0.008366660214960575 3.79
380 -0.008884782902896404 3.8
381 -0.02712946943938732 3.81
382 -0.04445541650056839 3.82
383 -0.0593312568962574 3.83
384 -0.07100615650415421 3.84
385 -0.07931476086378098 3.85
386 -0.08462148159742355 3.86
387 -0.08722995221614838 3.87
388 -0.08698640763759613 3.88
389 -0.08348415046930313 3.89
390 -0.07685653865337372 3.9
391 -0.06710464507341385 3.91
392 -0.05383710935711861 3.92
393 -0.03726475685834885 3.93
394 -0.01868217065930367 3.94
395 0.0005209670634940267 3.95
396 0.01764710806310177 3.96
397 0.02989641949534416 3.97
398 0.03535709157586098 3.98
399 0.03259479999542236 3.99
400 0.023158835247159 4
401 0.008952267467975616 4.01
402 -0.008234467357397079 4.02
403 -0.02648649364709854 4.03
404 -0.0438886284828186 4.04
405 -0.05886880680918694 4.05
406 -0.07066486775875092 4.06
407 -0.07910039275884628 4.07
408 -0.08448943495750427 4.08
409 -0.08720545470714569 4.09
410 -0.08707194775342941 4.1
411 -0.08367808163166046 4.11
412 -0.07715560495853424 4.12
413 -0.06751365214586258 4.13
414 -0.05436132848262787 4.14
415 -0.03787765651941299 4.15
416 -0.01933076232671738 4.16
417 -9.725093696033582e-05 4.17
418 0.01715880073606968 4.18
419 0.02958947233855724 4.19
420 0.03531425818800926 4.2
421 0.03282610699534416 4.21
422 0.02360614947974682 4.22
423 0.009526153095066547 4.23
424 -0.007605908438563347 4.24
425 -0.02586454711854458 4.25
426 -0.04333331435918808 4.26
427 -0.05840957537293434 4.27
428 -0.07031753659248352 4.28
429 -0.07887608557939529 4.29
430 -0.08434927463531494 4.3
431 -0.08717595785856247 4.31
432 -0.08714845776557922 4.32
433 -0.08385901153087616 4.33
434 -0.07743965834379196 4.34
435 -0.06791118532419205 4.350000000000001
436 -0.05488799884915352 4.36
437 -0.03850331157445908 4.37
438 -0.01998914405703545 4.38
439 -0.0007415501750074327 4.39
440 0.01666122116148472 4.4
441 0.02926859073340893 4.41
442 0.03524227812886238 4.42
443 0.033036258071661 4.43
444 0.02402983419597149 4.44
445 0.01008973736315966 4.45
446 -0.006974213290959597 4.46
447 -0.02523107826709747 4.47
448 -0.04276243969798088 4.48
449 -0.05793631449341774 4.49
450 -0.06996186077594757 4.5
451 -0.07864116877317429 4.51
452 -0.08419820666313171 4.52
453 -0.08713743090629578 4.53
454 -0.08721711486577988 4.54
455 -0.08403126895427704 4.55
456 -0.07771298289299011 4.56
457 -0.0682951807975769 4.57
458 -0.05540599673986435 4.58
459 -0.03912483900785446 4.59
460 -0.0206461176276207 4.600000000000001
461 -0.001382919959723949 4.61
462 0.01615500450134277 4.62
463 0.028925945982337 4.63
464 0.03514613211154938 4.64
465 0.03322362154722214 4.65
466 0.02443722262978554 4.66
467 0.01064261887222528 4.67
468 -0.006351012270897627 4.68
469 -0.02460516057908535 4.69
470 -0.04219535365700722 4.7
471 -0.0574619434773922 4.71
472 -0.06960252672433853 4.72
473 -0.07839992642402649 4.73
474 -0.08403965085744858 4.74
475 -0.08709115535020828 4.75
476 -0.08727914839982986 4.76
477 -0.08419778943061829 4.77
478 -0.07798109948635101 4.78
479 -0.0686744749546051 4.79
480 -0.05591991171240807 4.8
481 -0.03974184393882751 4.81
482 -0.02131340280175209 4.82
483 -0.00203283317387104 4.83
484 0.01562882587313652 4.84
485 0.02856933511793613 4.850000000000001
486 0.03503704816102982 4.86
487 0.03340170904994011 4.87
488 0.02483700588345528 4.88
489 0.01119428314268589 4.89
490 -0.005721729714423418 4.9
491 -0.02396835573017597 4.91
492 -0.04161371663212776 4.92
493 -0.05697441473603249 4.93
494 -0.06923239678144455 4.94
495 -0.07814928889274597 4.95
496 -0.08388245850801468 4.96
497 -0.08703846484422684 4.97
498 -0.08733366429805756 4.98
499 -0.08436047285795212 4.99
500 -0.07824853807687759 5
