"report-def-0-rfile"
"Time Step" "report-def-0 etc.."
("Time Step" "report-def-0" "flow-time")
0 0 0
1 -0.008671656250953674 0.01
2 -0.01602946035563946 0.02
3 -0.0191075187176466 0.03
4 -0.02243276871740818 0.04
5 -0.02580832503736019 0.05
6 -0.0295042023062706 0.06
7 -0.03370657563209534 0.07000000000000001
8 -0.03840186446905136 0.08
9 -0.04343409091234207 0.09
10 -0.04859586805105209 0.1
11 -0.05369826033711433 0.11
12 -0.05862559378147125 0.12
13 -0.06325796991586685 0.13
14 -0.06737921386957169 0.14
15 -0.07079069316387177 0.15
16 -0.07337958365678787 0.16
17 -0.07510858029127121 0.17
18 -0.07633129507303238 0.18
19 -0.0771654024720192 0.19
20 -0.07743571698665619 0.2
21 -0.07728185504674911 0.21
22 -0.07680760324001312 0.22
23 -0.07598094642162323 0.23
24 -0.07480537891387939 0.24
25 -0.07325579226016998 0.25
26 -0.07145224511623383 0.26
27 -0.0694475993514061 0.27
28 -0.06723624467849731 0.28
29 -0.06484661251306534 0.29
30 -0.06232196092605591 0.3
31 -0.05966618657112122 0.31
32 -0.05690425261855125 0.32
33 -0.05404301360249519 0.33
34 -0.05110136419534683 0.34
35 -0.04811722785234451 0.35
36 -0.04515166953206062 0.36
37 -0.04221681132912636 0.37
38 -0.03931458666920662 0.38
39 -0.03645282983779907 0.39
40 -0.03365590795874596 0.4
41 -0.03092875517904758 0.41
42 -0.02829089947044849 0.42
43 -0.02577660232782364 0.43
44 -0.02339009754359722 0.44
45 -0.02112686261534691 0.45
46 -0.01896041631698608 0.46
47 -0.01686654798686504 0.47
48 -0.01485059503465891 0.48
49 -0.0129135912284255 0.49
50 -0.01102938782423735 0.5
51 -0.009180381894111633 0.51
52 -0.007376040332019329 0.52
53 -0.005547431763261557 0.53
54 -0.003768176771700382 0.54
55 -0.002017034217715263 0.55
56 -0.0002722088829614222 0.5600000000000001
57 0.001487780595198274 0.5700000000000001
58 0.003266688203439116 0.58
59 0.005058077163994312 0.59
60 0.006850853096693754 0.6
61 0.008630174212157726 0.61
62 0.0103800380602479 0.62
63 0.01208164729177952 0.63
64 0.01374292932450771 0.64
65 0.0153188593685627 0.65
66 0.01680095493793488 0.66
67 0.01816767826676369 0.67
68 0.01940105296671391 0.68
69 0.02047530934214592 0.6900000000000001
70 0.02138887159526348 0.7000000000000001
71 0.0221185777336359 0.71
72 0.02266154065728188 0.72
73 0.02300843223929405 0.73
74 0.02316149324178696 0.74
75 0.02313202619552612 0.75
76 0.02293979190289974 0.76
77 0.02261289209127426 0.77
78 0.02217349968850613 0.78
79 0.02167843654751778 0.79
80 0.02118817903101444 0.8
81 0.02076741307973862 0.8100000000000001
82 0.02047819271683693 0.8200000000000001
83 0.02037873864173889 0.8300000000000001
84 0.02052557468414307 0.84
85 0.02098601125180721 0.85
86 0.02179834619164467 0.86
87 0.02299530804157257 0.87
88 0.02454596199095249 0.88
89 0.02644653245806694 0.89
90 0.02861572057008743 0.9
91 0.03095937334001064 0.91
92 0.03344220668077469 0.92
93 0.03597970679402351 0.93
94 0.03845327720046043 0.9400000000000001
95 0.04073707014322281 0.9500000000000001
96 0.04272486642003059 0.96
97 0.04431934654712677 0.97
98 0.04533709213137627 0.98
99 0.04559386894106865 0.99
100 0.044871736317873 1
101 0.0431605726480484 1.01
102 0.04049862176179886 1.02
103 0.03692088276147842 1.03
104 0.03242233768105507 1.04
105 0.02704723924398422 1.05
106 0.02086199074983597 1.06
107 0.01403840817511082 1.07
108 0.006715445313602686 1.08
109 -0.0009625903330743313 1.09
110 -0.008378216065466404 1.1
111 -0.01498195249587297 1.11
112 -0.02013144455850124 1.12
113 -0.02340669557452202 1.13
114 -0.02425144985318184 1.14
115 -0.02226166240870953 1.15
116 -0.01760577596724033 1.16
117 -0.01081782393157482 1.17
118 -0.002480986760929227 1.18
119 0.006633609533309937 1.19
120 0.01540720090270042 1.2
121 0.02302140556275845 1.21
122 0.0290888287127018 1.22
123 0.03317252174019814 1.23
124 0.03493376076221466 1.24
125 0.03385084122419357 1.25
126 0.02954784035682678 1.26
127 0.02188339456915855 1.27
128 0.01094201020896435 1.28
129 -0.002815628191456199 1.29
130 -0.01852694153785706 1.3
131 -0.03487506881356239 1.31
132 -0.05036803334951401 1.32
133 -0.06379977613687515 1.33
134 -0.07429851591587067 1.34
135 -0.0805613100528717 1.35
136 -0.08181906491518021 1.36
137 -0.07836899161338806 1.37
138 -0.07063013315200806 1.38
139 -0.05882323905825615 1.39
140 -0.04388732090592384 1.4
141 -0.02753670141100883 1.41
142 -0.01116869878023863 1.42
143 0.003340316703543067 1.43
144 0.01362431515008211 1.44
145 0.01836363971233368 1.45
146 0.01645319908857346 1.46
147 0.008350947871804237 1.47
148 -0.005127860233187675 1.48
149 -0.02243687584996223 1.49
150 -0.04128578305244446 1.5
151 -0.0590808242559433 1.51
152 -0.07394900172948837 1.52
153 -0.08510398119688034 1.53
154 -0.09216819703578949 1.54
155 -0.09435374289751053 1.55
156 -0.09118526428937912 1.56
157 -0.08325206488370895 1.57
158 -0.07090389728546143 1.58
159 -0.05424647033214569 1.59
160 -0.03460399061441422 1.6
161 -0.01368138380348682 1.61
162 0.006244858726859093 1.62
163 0.0215879138559103 1.63
164 0.03020702116191387 1.64
165 0.02958957850933075 1.65
166 0.02012546919286251 1.66
167 0.003571361536160111 1.67
168 -0.017659991979599 1.68
169 -0.04034596681594849 1.69
170 -0.06126649305224419 1.7
171 -0.07812725007534027 1.71
172 -0.08997591584920883 1.72
173 -0.09732671827077866 1.73
174 -0.09985367953777313 1.74
175 -0.09712496399879456 1.75
176 -0.08935480564832687 1.76
177 -0.07680919021368027 1.77
178 -0.05920423567295074 1.78
179 -0.03731503710150719 1.79
180 -0.01328736916184425 1.8
181 0.009997920133173466 1.81
182 0.02776413783431053 1.82
183 0.0369814969599247 1.83
184 0.03467553481459618 1.84
185 0.02223970554769039 1.85
186 0.002341455547139049 1.86
187 -0.02167605794966221 1.87
188 -0.04605264216661453 1.88
189 -0.06732278317213058 1.89
190 -0.083615742623806 1.9
191 -0.09443940222263336 1.91
192 -0.1006460338830948 1.92
193 -0.1020676046609879 1.93
194 -0.09825853258371353 1.94
195 -0.08935603499412537 1.95
196 -0.0753864124417305 1.96
197 -0.05585538223385811 1.97
198 -0.0317351371049881 1.98
199 -0.005494059063494205 1.99
200 0.01886882074177265 2
201 0.03616825118660927 2.01
202 0.0424196869134903 2.02
203 0.03578062728047371 2.03
204 0.01900021918118 2.04
205 -0.004253366030752659 2.05
206 -0.03006203472614288 2.06
207 -0.05455297604203224 2.07
208 -0.07475322484970093 2.08
209 -0.08930391818284988 2.09
210 -0.09819576889276505 2.1
211 -0.102760948240757 2.11
212 -0.1025088578462601 2.12
213 -0.09687897562980652 2.13
214 -0.08604653924703598 2.14
215 -0.06980174779891968 2.15
216 -0.04781287163496017 2.16
217 -0.0217608567327261 2.17
218 0.005499282386153936 2.18
219 0.02826162986457348 2.19
220 0.04225084558129311 2.2
221 0.04306340217590332 2.21
222 0.03129191696643829 2.22
223 0.01055844407528639 2.23
224 -0.01502465177327394 2.24
225 -0.04123523086309433 2.25
226 -0.06434955447912216 2.26
227 -0.0822937935590744 2.27
228 -0.09442134946584702 2.28
229 -0.1013508588075638 2.29
230 -0.1036154329776764 2.3
231 -0.1009462550282478 2.31
232 -0.09310439229011536 2.32
233 -0.07999484986066818 2.33
234 -0.06098082661628723 2.34
235 -0.03647338598966599 2.35
236 -0.008982819505035877 2.36
237 0.01748803071677685 2.37
238 0.03698383644223213 2.38
239 0.04526802897453308 2.39
240 0.03956365585327148 2.4
241 0.02276549302041531 2.41
242 -0.001029792125336826 2.42
243 -0.02766899950802326 2.43
244 -0.05305442959070206 2.44
245 -0.07394656538963318 2.45
246 -0.08906501531600952 2.46
247 -0.09843536466360092 2.47
248 -0.1033216789364815 2.48
249 -0.1034252345561981 2.49
250 -0.09818261861801147 2.5
251 -0.08768772333860397 2.51
252 -0.071731798350811 2.52
253 -0.04975744336843491 2.53
254 -0.02330115810036659 2.54
255 0.004718494601547718 2.55
256 0.02852963097393513 2.56
257 0.04337153211236 2.57
258 0.04466380551457405 2.58
259 0.03285953775048256 2.59
260 0.01178029924631119 2.6
261 -0.01422060374170542 2.61
262 -0.04081512615084648 2.62
263 -0.06423575431108475 2.63
264 -0.08238463848829269 2.64
265 -0.09463325142860413 2.65
266 -0.1016009524464607 2.66
267 -0.1039274856448174 2.67
268 -0.1013804525136948 2.68
269 -0.09364259988069534 2.69
270 -0.08059368282556534 2.7
271 -0.06155949085950851 2.71
272 -0.03689645975828171 2.72
273 -0.009109769947826862 2.73
274 0.01773147284984589 2.74
275 0.03754081949591637 2.75
276 0.04596294090151787 2.76
277 0.04017258808016777 2.77
278 0.02313888631761074 2.78
279 -0.000908015645109117 2.79
280 -0.02774902619421482 2.8
281 -0.05325654521584511 2.81
282 -0.07418880611658096 2.82
283 -0.08929919451475143 2.83
284 -0.09863937646150589 2.84
285 -0.1034822016954422 2.85
286 -0.1035477519035339 2.86
287 -0.09827055782079697 2.87
288 -0.08773241192102432 2.88
289 -0.07169336080551147 2.89
290 -0.04959513619542122 2.9
291 -0.02299285121262074 2.91
292 0.005168076138943434 2.92
293 0.02900210209190845 2.93
294 0.04376653954386711 2.94
295 0.04483890533447266 2.95
296 0.03277460858225822 2.96
297 0.01147255674004555 2.97
298 -0.01467189658433199 2.98
299 -0.04130819439888 2.99
300 -0.06468634307384491 3
301 -0.08274111151695251 3.01
302 -0.09488188475370407 3.02
303 -0.1017596200108528 3.03
304 -0.1039990931749344 3.04
305 -0.1013527736067772 3.05
306 -0.09350886195898056 3.06
307 -0.08034168928861618 3.07
308 -0.06116378679871559 3.08
309 -0.03635267168283463 3.09
310 -0.008475244976580143 3.1
311 0.01833678223192692 3.11
312 0.03801865875720978 3.12
313 0.0461488850414753 3.13
314 0.04001063108444214 3.14
315 0.02271050028502941 3.15
316 -0.001502665691077709 3.16
317 -0.02839701808989048 3.17
318 -0.05384913459420204 3.18
319 -0.07466480880975723 3.19
320 -0.08962970227003098 3.2
321 -0.09882825613021851 3.21
322 -0.1035661846399307 3.22
323 -0.1035235822200775 3.23
324 -0.09811633825302124 3.24
325 -0.08744148910045624 3.25
326 -0.07124379277229309 3.26
327 -0.04900155961513519 3.27
328 -0.02228837087750435 3.28
329 0.005893968977034092 3.29
330 0.02954614162445068 3.3
331 0.04405137151479721 3.31
332 0.04475404694676399 3.32
333 0.03238150849938393 3.33
334 0.01087927166372538 3.34
335 -0.01535762101411819 3.35
336 -0.04197152331471443 3.36
337 -0.06523962318897247 3.37
338 -0.08314358443021774 3.38
339 -0.09513333439826965 3.39
340 -0.1018967404961586 3.4
341 -0.1040197312831879 3.41
342 -0.1012313887476921 3.42
343 -0.09323808550834656 3.43
344 -0.07991673052310944 3.44
345 -0.06057306379079819 3.45
346 -0.03563066944479942 3.46
347 -0.007713514845818281 3.47
348 0.01900977082550526 3.48
349 0.03847146779298782 3.49
350 0.04621535167098045 3.5
351 0.03969376906752586 3.51
352 0.02210933901369572 3.52
353 -0.002261855872347951 3.53
354 -0.02917399443686008 3.54
355 -0.05452297627925873 3.55
356 -0.07518609613180161 3.56
357 -0.08997643738985062 3.57
358 -0.09901141375303268 3.58
359 -0.1036316901445389 3.59
360 -0.1034630686044693 3.6
361 -0.0979115292429924 3.61
362 -0.08708194643259048 3.62
363 -0.07070792466402054 3.63
364 -0.04831813648343086 3.64
365 -0.02150681242346764 3.65
366 0.006674524396657944 3.66
367 0.03008287400007248 3.67
368 0.0442822054028511 3.68
369 0.04458433017134666 3.69
370 0.03189817443490028 3.7
371 0.01021153666079044 3.71
372 -0.01610039919614792 3.72
373 -0.0426776260137558 3.73
374 -0.065817691385746 3.74
375 -0.08355696499347687 3.75
376 -0.09538287669420242 3.76
377 -0.1020257323980331 3.77
378 -0.104026734828949 3.78
379 -0.101087287068367 3.79
380 -0.09293517470359802 3.8
381 -0.07945186644792557 3.81
382 -0.05995321646332741 3.82
383 -0.03488297760486603 3.83
384 -0.006925491150468588 3.84
385 0.01968832314014435 3.85
386 0.03890139982104301 3.86
387 0.04623347148299217 3.87
388 0.03932538628578186 3.88
389 0.02145085670053959 3.89
390 -0.003074616193771362 3.9
391 -0.02999020554125309 3.91
392 -0.05521878227591515 3.92
393 -0.07571899890899658 3.93
394 -0.09032710641622543 3.94
395 -0.0991922989487648 3.95
396 -0.1036902517080307 3.96
397 -0.103384867310524 3.97
398 -0.09768740832805634 3.98
399 -0.08670427650213242 3.99
400 -0.07014403492212296 4
401 -0.04758689925074577 4.01
402 -0.02068736031651497 4.02
403 0.007471635472029448 4.03
404 0.03061267919838428 4.04
405 0.04444518685340881 4.05
406 0.04432591795921326 4.06
407 0.03133143112063408 4.07
408 0.009481275454163551 4.08
409 -0.01687846891582012 4.09
410 -0.04340052977204323 4.1
411 -0.06640268117189407 4.11
412 -0.08397140353918076 4.12
413 -0.09563121944665909 4.13
414 -0.102153368294239 4.14
415 -0.1040286049246788 4.15
416 -0.1009316518902779 4.16
417 -0.09261606633663177 4.17
418 -0.07896260917186737 4.18
419 -0.05928680673241615 4.19
420 -0.0340944305062294 4.2
421 -0.006096983328461647 4.21
422 0.02036894857883453 4.22
423 0.03932719677686691 4.23
424 0.0462515652179718 4.24
425 0.03894567489624023 4.25
426 0.02076901122927666 4.26
427 -0.003912931308150291 4.27
428 -0.03082791715860367 4.28
429 -0.0559290237724781 4.29
430 -0.07625873386859894 4.3
431 -0.09068617224693298 4.31
432 -0.09937604516744614 4.32
433 -0.1037410721182823 4.33
434 -0.103287361562252 4.34
435 -0.09744845330715179 4.350000000000001
436 -0.08631463348865509 4.36
437 -0.06956778466701508 4.37
438 -0.04684025049209595 4.38
439 -0.0198671855032444 4.39
440 0.00825562234967947 4.4
441 0.03113769181072712 4.41
442 0.04457975924015045 4.42
443 0.04404527321457863 4.43
444 0.03074927069246769 4.44
445 0.008744990453124046 4.45
446 -0.01765228994190693 4.46
447 -0.04411431774497032 4.47
448 -0.06697742640972137 4.48
449 -0.08437833189964294 4.49
450 -0.09587351977825165 4.5
451 -0.1022761091589928 4.51
452 -0.1040244251489639 4.52
453 -0.1007720232009888 4.53
454 -0.09229692071676254 4.54
455 -0.07847697287797928 4.55
456 -0.05863114073872566 4.56
457 -0.0333118811249733 4.57
458 -0.005282080266624689 4.58
459 0.02104781940579414 4.59
460 0.03973227739334106 4.600000000000001
461 0.04619640484452248 4.61
462 0.03853654116392136 4.62
463 0.02011329680681229 4.63
464 -0.00469987653195858 4.64
465 -0.03161660954356194 4.65
466 -0.05660420656204224 4.66
467 -0.07677453011274338 4.67
468 -0.09103235602378845 4.68
469 -0.09956861287355423 4.69
470 -0.1037764847278595 4.7
471 -0.1031656861305237 4.71
472 -0.09718528389930725 4.72
473 -0.08591309934854507 4.73
474 -0.06899698823690414 4.74
475 -0.04609254375100136 4.75
476 -0.01903423294425011 4.76
477 0.009040242061018944 4.77
478 0.03166383504867554 4.78
479 0.04474213719367981 4.79
480 0.04379838332533836 4.8
481 0.03021006472408772 4.81
482 0.008041463792324066 4.82
483 -0.01841016300022602 4.83
484 -0.04482268542051315 4.84
485 -0.06755000352859497 4.850000000000001
486 -0.08478190004825592 4.86
487 -0.09611186385154724 4.87
488 -0.1023949608206749 4.88
489 -0.1040176451206207 4.89
490 -0.1006089076399803 4.9
491 -0.0919717475771904 4.91
492 -0.07798521220684052 4.92
493 -0.05795799940824509 4.93
494 -0.0325152613222599 4.94
495 -0.004469601437449455 4.95
496 0.02170061506330967 4.96
497 0.04011453315615654 4.97
498 0.04613984003663063 4.98
499 0.0381263867020607 4.99
500 0.01945457980036736 5
501 -0.005485749803483486 5.01
502 -0.03239327669143677 5.02
503 -0.05726019665598869 5.03
504 -0.07727105915546417 5.04
505 -0.09136255085468292 5.05
506 -0.09975272417068481 5.06
507 -0.103800930082798 5.07
508 -0.1030404195189476 5.08
509 -0.09693992137908936 5.09
510 -0.08551950752735138 5.100000000000001
511 -0.06842806935310364 5.11
512 -0.04534314200282097 5.12
513 -0.01820849813520908 5.13
514 0.009816273115575314 5.14
515 0.03223942220211029 5.15
516 0.04492347687482834 5.16
517 0.04354765638709068 5.17
518 0.02966733649373055 5.18
519 0.007335365284234285 5.19
520 -0.01917344518005848 5.2
521 -0.04553812742233276 5.21
522 -0.06812744587659836 5.22
523 -0.08518873155117035 5.23
524 -0.09635094553232193 5.24
525 -0.1025094836950302 5.25
526 -0.1040021777153015 5.26
527 -0.1004355624318123 5.27
528 -0.09163536876440048 5.28
529 -0.07748586684465408 5.29
530 -0.05727161839604378 5.3
531 -0.03171662241220474 5.31
532 -0.003636380657553673 5.32
533 0.02236068993806839 5.33
534 0.04049529135227203 5.34
535 0.04608505964279175 5.350000000000001
536 0.03770803660154343 5.36
537 0.01878065429627895 5.37
538 -0.006287758238613605 5.38
539 -0.03318201750516891 5.39
540 -0.05792280286550522 5.4
541 -0.07777087390422821 5.41
542 -0.09169498831033707 5.42
543 -0.09994360059499741 5.43
544 -0.1038139760494232 5.44
545 -0.1028952449560165 5.45
546 -0.09666869789361954 5.46
547 -0.08509929478168488 5.47
548 -0.06783505529165268 5.48
549 -0.04457436501979828 5.49
550 -0.0173654817044735 5.5
551 0.01059961784631014 5.51
552 0.03284244984388351 5.52
553 0.04509778320789337 5.53
554 0.04326854273676872 5.54
555 0.02908398769795895 5.55
556 0.006593747995793819 5.56
557 -0.01995867490768433 5.57
558 -0.04626570269465446 5.58
559 -0.06871137768030167 5.59
560 -0.08559748530387878 5.600000000000001
561 -0.09659101068973541 5.61
562 -0.1026233732700348 5.62
563 -0.1039786785840988 5.63
564 -0.1002535596489906 5.64
565 -0.09128770232200623 5.65
566 -0.07696191221475601 5.66
567 -0.05656398460268974 5.67
568 -0.03090788796544075 5.68
569 -0.002780462149530649 5.69
570 0.02303657494485378 5.7
571 0.04088053852319717 5.71
572 0.04605631902813911 5.72
573 0.03727975115180016 5.73
574 0.01807580515742302 5.74
575 -0.007122830022126436 5.75
576 -0.03399544954299927 5.76
577 -0.05860118567943573 5.77
578 -0.07827382534742355 5.78
579 -0.09203361719846725 5.79
580 -0.1001447662711143 5.8
581 -0.1038182601332664 5.81
582 -0.1027448251843452 5.82
583 -0.09637920558452606 5.83
584 -0.08468099683523178 5.84
585 -0.06723977625370026 5.850000000000001
586 -0.04379315301775932 5.86
587 -0.01649507135152817 5.87
588 0.01138118654489517 5.88
589 0.03343029692769051 5.89
590 0.04527431353926659 5.9
591 0.04300013184547424 5.91
592 0.02850698679685593 5.92
593 0.005852761678397655 5.93
594 -0.02073624543845654 5.94
595 -0.04697909578680992 5.95
596 -0.06928035616874695 5.96
597 -0.08599621057510376 5.97
598 -0.09682399779558182 5.98
599 -0.1027299612760544 5.99
600 -0.1039496511220932 6
601 -0.1000660881400108 6.01
602 -0.09093663096427917 6.02
603 -0.07643263041973114 6.03
604 -0.05585546046495438 6.04
605 -0.03010161034762859 6.05
606 -0.001943382434546947 6.06
607 0.02369282022118568 6.07
608 0.04126779362559319 6.08
609 0.04602043703198433 6.09
610 0.03684321790933609 6.100000000000001
611 0.01737960427999496 6.11
612 -0.007941027171909809 6.12
613 -0.03479364141821861 6.13
614 -0.05926724150776863 6.140000000000001
615 -0.07877307385206223 6.15
616 -0.09236736595630646 6.16
617 -0.1003306955099106 6.17
618 -0.1038346141576767 6.18
619 -0.1026099771261215 6.19
620 -0.09610145539045334 6.2
621 -0.08424989879131317 6.21
622 -0.06663504242897034 6.22
623 -0.04302626103162766 6.23
624 -0.01563300378620625 6.24
625 0.01215029321610928 6.25
626 0.03395523875951767 6.26
627 0.04543764516711235 6.27
628 0.042747613042593 6.28
629 0.02794765681028366 6.29
630 0.005123019684106112 6.3
631 -0.02150798961520195 6.31
632 -0.04768405482172966 6.32
633 -0.06984075903892517 6.33
634 -0.08638463914394379 6.34
635 -0.09705043584108353 6.350000000000001
636 -0.1028326526284218 6.36
637 -0.1039221063256264 6.37
638 -0.09988440573215485 6.38
639 -0.09059140086174011 6.390000000000001
640 -0.07591261714696884 6.4
641 -0.05515593290328979 6.41
642 -0.02930251136422157 6.42
643 -0.001120735891163349 6.43
644 0.02434765547513962 6.44
645 0.04165861755609512 6.45
646 0.0459822341799736 6.46
647 0.03641600534319878 6.47
648 0.01670052111148834 6.48
649 -0.008740462362766266 6.49
650 -0.03557651117444038 6.5
651 -0.05992249771952629 6.51
652 -0.07926426827907562 6.52
653 -0.09269097447395325 6.53
654 -0.1005042642354965 6.54
655 -0.1038587391376495 6.55
656 -0.1024816930294037 6.56
657 -0.09582598507404327 6.57
658 -0.08382324129343033 6.58
659 -0.06602592021226883 6.59
660 -0.04226621612906456 6.600000000000001
661 -0.01478695869445801 6.61
662 0.01289642695337534 6.62
663 0.03444478660821915 6.63
664 0.04556605964899063 6.640000000000001
665 0.04247288405895233 6.65
666 0.02737985551357269 6.66
667 0.004393232055008411 6.67
668 -0.02228192985057831 6.68
669 -0.04839269444346428 6.69
670 -0.0704023614525795 6.7
671 -0.08677130192518234 6.71
672 -0.09727298468351364 6.72
673 -0.1029337346553802 6.73
674 -0.1038918867707253 6.74
675 -0.09970070421695709 6.75
676 -0.09024497866630554 6.76
677 -0.07539135962724686 6.77
678 -0.05445339530706406 6.78
679 -0.02850509434938431 6.79
680 -0.0003082188777625561 6.8
681 0.02498908154666424 6.81
682 0.04201236367225647 6.82
683 0.04589695483446121 6.83
684 0.03597715869545937 6.84
685 0.01602614298462868 6.850000000000001
686 -0.009537139907479286 6.86
687 -0.03636008128523827 6.87
688 -0.06058060750365257 6.88
689 -0.07975473999977112 6.890000000000001
690 -0.09301211684942245 6.9
691 -0.1006935462355614 6.91
692 -0.1038900390267372 6.92
693 -0.1023457646369934 6.93
694 -0.09553904831409454 6.94
695 -0.08338908851146698 6.95
696 -0.06541299074888229 6.96
697 -0.04150586575269699 6.97
698 -0.01396438851952553 6.98
699 0.0136258015409112 6.99
700 0.03491576015949249 7
701 0.04567418619990349 7.01
702 0.04218762367963791 7.02
703 0.02679474465548992 7.03
704 0.003645493183284998 7.04
705 -0.02307193353772163 7.05
706 -0.04911347106099129 7.06
707 -0.07097059488296509 7.07
708 -0.08716032654047012 7.08
709 -0.09749366343021393 7.09
710 -0.1030331030488014 7.100000000000001
711 -0.1038592830300331 7.11
712 -0.09951376914978027 7.12
713 -0.08989701420068741 7.13
714 -0.07486497610807419 7.140000000000001
715 -0.05374839156866074 7.15
716 -0.02770822681486607 7.16
717 0.0005028637242503464 7.17
718 0.02560648322105408 7.18
719 0.0423276275396347 7.19
720 0.04577527567744255 7.2
721 0.03552016615867615 7.21
722 0.01534799207001925 7.22
723 -0.01031549274921417 7.23
724 -0.03711976110935211 7.24
725 -0.06121692061424255 7.25
726 -0.08022627234458923 7.26
727 -0.09331619739532471 7.27
728 -0.1008737459778786 7.28
729 -0.103920690715313 7.29
730 -0.1022072434425354 7.3
731 -0.09524814039468765 7.31
732 -0.08294735103845596 7.32
733 -0.0647895485162735 7.33
734 -0.04074195399880409 7.34
735 -0.01313546951860189 7.350000000000001
736 0.01435073185712099 7.36
737 0.03538417816162109 7.37
738 0.04578139260411263 7.38
739 0.04190707579255104 7.390000000000001
740 0.02620977722108364 7.4
741 0.002891294192522764 7.41
742 -0.02386782504618168 7.42
743 -0.04983554407954216 7.43
744 -0.07153686881065369 7.44
745 -0.08754398673772812 7.45
746 -0.09770950675010681 7.46
747 -0.1031290292739868 7.47
748 -0.1038227900862694 7.48
749 -0.0993192121386528 7.49
750 -0.08954435586929321 7.5
751 -0.07434021681547165 7.51
752 -0.05304427072405815 7.52
753 -0.02689576707780361 7.53
754 0.001328520243987441 7.54
755 0.02622782438993454 7.55
756 0.04263373836874962 7.56
757 0.04564657434821129 7.57
758 0.03507096320390701 7.58
759 0.01469052210450172 7.59
760 -0.0110663678497076 7.600000000000001
761 -0.03785541281104088 7.61
762 -0.06183593720197678 7.62
763 -0.08068255335092545 7.63
764 -0.09360864013433456 7.640000000000001
765 -0.1010460406541824 7.65
766 -0.1039454936981201 7.66
767 -0.1020681113004684 7.67
768 -0.09495360404253006 7.68
769 -0.08250249922275543 7.69
770 -0.06416527181863785 7.7
771 -0.03998465463519096 7.71
772 -0.01230395026504993 7.72
773 0.01506876107305288 7.73
774 0.03582838922739029 7.74
775 0.04585614427924156 7.75
776 0.04160754010081291 7.76
777 0.02562142722308636 7.77
778 0.002137084491550922 7.78
779 -0.02466351352632046 7.79
780 -0.05055546015501022 7.8
781 -0.07209832221269608 7.81
782 -0.08791957795619965 7.82
783 -0.09791649132966995 7.83
784 -0.1032175943255424 7.84
785 -0.1037805005908012 7.850000000000001
786 -0.0991215705871582 7.86
787 -0.08919188380241394 7.87
788 -0.07382635027170181 7.88
789 -0.05236852541565895 7.890000000000001
790 -0.02609020099043846 7.9
791 0.002133911708369851 7.91
792 0.02682831510901451 7.92
793 0.04289862141013145 7.930000000000001
794 0.04551353305578232 7.94
795 0.03462975099682808 7.95
796 0.01405132934451103 7.96
797 -0.01180639956146479 7.97
798 -0.03858180716633797 7.98
799 -0.06244245171546936 7.99
800 -0.08112732321023941 8
801 -0.09389116615056992 8.01
802 -0.1012119129300117 8.02
803 -0.1039683371782303 8.029999999999999
804 -0.1019291877746582 8.040000000000001
805 -0.09466424584388733 8.050000000000001
806 -0.08207225054502487 8.06
807 -0.06356511265039444 8.07
808 -0.0392545685172081 8.08
809 -0.01151614915579557 8.09
810 0.01574706472456455 8.1
811 0.03629617765545845 8.109999999999999
812 0.04593753442168236 8.120000000000001
813 0.04131724312901497 8.130000000000001
814 0.02505612745881081 8.140000000000001
815 0.001408708048984408 8.15
816 -0.02542354539036751 8.16
817 -0.05123675614595413 8.17
818 -0.07263210415840149 8.18
819 -0.08827788382768631 8.19
820 -0.09811291098594666 8.199999999999999
821 -0.1033006906509399 8.210000000000001
822 -0.1037360429763794 8.220000000000001
823 -0.09891920536756516 8.23
824 -0.08883903175592422 8.24
825 -0.0733034685254097 8.25
826 -0.05168430507183075 8.26
827 -0.02529885247349739 8.27
828 0.002928388770669699 8.279999999999999
829 0.02741471864283085 8.290000000000001
830 0.04314395412802696 8.300000000000001
831 0.04535803198814392 8.31
832 0.03416947647929192 8.32
833 0.01339762471616268 8.33
834 -0.0125493323430419 8.34
835 -0.03930480033159256 8.35
836 -0.06304386258125305 8.359999999999999
837 -0.08156708627939224 8.370000000000001
838 -0.09416847676038742 8.380000000000001
839 -0.1013728305697441 8.390000000000001
840 -0.1039861813187599 8.4
841 -0.1017814949154854 8.41
842 -0.09436782449483871 8.42
843 -0.08162707090377808 8.43
844 -0.0629381388425827 8.44
845 -0.03849206864833832 8.449999999999999
846 -0.01069927308708429 8.460000000000001
847 0.01646056957542896 8.470000000000001
848 0.03681590408086777 8.48
849 0.046037208288908 8.49
850 0.04100661352276802 8.5
851 0.02445035986602306 8.51
852 0.0006332554039545357 8.52
853 -0.02622582018375397 8.529999999999999
854 -0.05194984003901482 8.540000000000001
855 -0.07319141179323196 8.550000000000001
856 -0.08865402638912201 8.56
857 -0.09831827878952026 8.57
858 -0.1033864691853523 8.58
859 -0.1036892160773277 8.59
860 -0.09870916604995728 8.6
861 -0.088468998670578 8.609999999999999
862 -0.07275767624378204 8.620000000000001
863 -0.05095323920249939 8.630000000000001
864 -0.02448065392673016 8.640000000000001
865 0.003738307626917958 8.65
866 0.02801194414496422 8.66
867 0.04338296130299568 8.67
868 0.04518872871994972 8.68
869 0.03368620574474335 8.69
870 0.01271409261971712 8.700000000000001
871 -0.0133158266544342 8.710000000000001
872 -0.04004162922501564 8.720000000000001
873 -0.06365475058555603 8.73
874 -0.08200893551111221 8.74
875 -0.09444147348403931 8.75
876 -0.1015288680791855 8.76
877 -0.1039996445178986 8.77
878 -0.1016286537051201 8.779999999999999
879 -0.09406156092882156 8.790000000000001
880 -0.0811690166592598 8.800000000000001
881 -0.062296312302351 8.81
882 -0.03771748393774033 8.82
883 -0.009879716672003269 8.83
884 0.01717345602810383 8.84
885 0.03728623315691948 8.85
886 0.04610591754317284 8.859999999999999
887 0.04066275432705879 8.870000000000001
888 0.02382251992821693 8.880000000000001
889 -0.0001540061493869871 8.890000000000001
890 -0.02703087963163853 8.9
891 -0.05265771597623825 8.91
892 -0.07374565303325653 8.92
893 -0.08902563154697418 8.93
894 -0.09851735830307007 8.94
895 -0.1034615337848663 8.950000000000001
896 -0.1036355122923851 8.960000000000001
897 -0.09849502146244049 8.970000000000001
898 -0.08808929473161697 8.98
899 -0.07219872623682022 8.99
900 -0.0502239428460598 9
901 -0.02366231940686703 9.01
902 0.004544653464108706 9.02
903 0.0285978689789772 9.029999999999999
904 0.04363874718546867 9.040000000000001
905 0.04502813145518303 9.050000000000001
906 0.03319854289293289 9.06
907 0.01202513463795185 9.07
908 -0.01408338081091642 9.08
909 -0.04076959565281868 9.09
910 -0.06425550580024719 9.1
911 -0.08244141936302185 9.109999999999999
912 -0.09470671415328979 9.120000000000001
913 -0.1016743183135986 9.130000000000001
914 -0.1040082946419716 9.140000000000001
915 -0.1014786511659622 9.15
916 -0.09375510364770889 9.16
917 -0.0807066485285759 9.17
918 -0.06165352463722229 9.18
919 -0.03693503141403198 9.19
920 -0.009062665514647961 9.200000000000001
921 0.01786872185766697 9.210000000000001
922 0.03774148970842361 9.220000000000001
923 0.04616646468639374 9.23
924 0.04031673818826675 9.24
925 0.02319848723709583 9.25
926 -0.0009258865611627698 9.26
927 -0.02782145701348782 9.27
928 -0.05335480347275734 9.279999999999999
929 -0.07428795844316483 9.290000000000001
930 -0.08938488364219666 9.300000000000001
931 -0.09870564192533493 9.31
932 -0.1035285592079163 9.32
933 -0.1035751849412918 9.33
934 -0.09827777743339539 9.34
935 -0.08771583437919617 9.35
936 -0.07164324074983597 9.359999999999999
937 -0.04950285330414772 9.370000000000001
938 -0.02285438776016235 9.380000000000001
939 0.005339725408703089 9.390000000000001
940 0.02916471660137177 9.4
941 0.04388958215713501 9.41
942 0.04487478733062744 9.42
943 0.03271880373358727 9.43
944 0.01134434994310141 9.44
945 -0.01484324783086777 9.450000000000001
946 -0.04148649796843529 9.460000000000001
947 -0.06484360992908478 9.470000000000001
948 -0.0828619971871376 9.48
949 -0.09496349096298218 9.49
950 -0.1018095314502716 9.5
951 -0.1040173470973969 9.51
952 -0.1013335362076759 9.52
953 -0.09344906359910965 9.529999999999999
954 -0.08023757487535477 9.540000000000001
955 -0.06100726500153542 9.550000000000001
956 -0.03614608198404312 9.56
957 -0.00824329536408186 9.57
958 0.01855574548244476 9.58
959 0.03818516433238983 9.59
960 0.04620284959673882 9.6
961 0.03994308412075043 9.609999999999999
962 0.02254928089678288 9.620000000000001
963 -0.001721963984891772 9.630000000000001
964 -0.0286320373415947 9.640000000000001
965 -0.05406052619218826 9.65
966 -0.07483252882957458 9.66
967 -0.08974451571702957 9.67
968 -0.09889229387044907 9.68
969 -0.1035929322242737 9.69
970 -0.1035112589597702 9.700000000000001
971 -0.0980587974190712 9.710000000000001
972 -0.08733489364385605 9.720000000000001
973 -0.07108104228973389 9.73
974 -0.04878955706954002 9.74
975 -0.02203920111060143 9.75
976 0.006149080581963062 9.76
977 0.02972893044352531 9.77
978 0.04413947463035583 9.779999999999999
979 0.04471234604716301 9.790000000000001
980 0.03223611041903496 9.800000000000001
981 0.01066839229315519 9.81
982 -0.01559834741055965 9.82
983 -0.04220395162701607 9.83
984 -0.06543213874101639 9.84
985 -0.08328322321176529 9.85
986 -0.09521888196468353 9.859999999999999
987 -0.1019421070814133 9.870000000000001
988 -0.104024738073349 9.880000000000001
989 -0.1011866852641106 9.890000000000001
990 -0.09314091503620148 9.9
991 -0.07976526021957397 9.91
992 -0.06037028506398201 9.92
993 -0.03538304939866066 9.93
994 -0.007448272313922644 9.94
995 0.0192443560808897 9.950000000000001
996 0.03862485662102699 9.960000000000001
997 0.0462304949760437 9.970000000000001
998 0.03957599028944969 9.98
999 0.02188997156918049 9.99
1000 -0.00253487192094326 10
