"report-def-0-rfile"
"Time Step" "report-def-0 etc.."
("Time Step" "report-def-0" "flow-time")
0 0 0
1 -0.01185219082981348 0.01
2 -0.02156126499176025 0.02
3 -0.02578647248446941 0.03
4 -0.03069377690553665 0.04
5 -0.03604514896869659 0.05
6 -0.04216547682881355 0.06
7 -0.04913266375660896 0.07000000000000001
8 -0.05672115087509155 0.08
9 -0.06454753130674362 0.09
10 -0.07223924994468689 0.1
11 -0.07947328686714172 0.11
12 -0.0858437642455101 0.12
13 -0.09094183892011642 0.13
14 -0.09461022168397903 0.14
15 -0.09713561087846756 0.15
16 -0.09891687333583832 0.16
17 -0.09997661411762238 0.17
18 -0.1003228649497032 0.18
19 -0.1000617071986198 0.19
20 -0.09918690472841263 0.2
21 -0.09763608872890472 0.21
22 -0.09543861448764801 0.22
23 -0.0928083211183548 0.23
24 -0.08978617191314697 0.24
25 -0.08643949031829834 0.25
26 -0.08279397338628769 0.26
27 -0.07890234887599945 0.27
28 -0.0748102143406868 0.28
29 -0.07055998593568802 0.29
30 -0.06621106714010239 0.3
31 -0.06187019124627113 0.31
32 -0.05761165916919708 0.32
33 -0.05346753820776939 0.33
34 -0.04945965111255646 0.34
35 -0.04562421515583992 0.35
36 -0.04192319512367249 0.36
37 -0.03838695213198662 0.37
38 -0.03502713888883591 0.38
39 -0.03181836754083633 0.39
40 -0.02870881743729115 0.4
41 -0.0256192684173584 0.41
42 -0.02249272726476192 0.42
43 -0.01932281628251076 0.43
44 -0.01609138771891594 0.44
45 -0.0127468928694725 0.45
46 -0.00924240704625845 0.46
47 -0.005651560612022877 0.47
48 -0.002004569629207253 0.48
49 0.001704517635516822 0.49
50 0.005443332251161337 0.5
51 0.009113685227930546 0.51
52 0.01263157557696104 0.52
53 0.01594315841794014 0.53
54 0.01898490451276302 0.54
55 0.02163011394441128 0.55
56 0.02375543490052223 0.5600000000000001
57 0.0252781268209219 0.5700000000000001
58 0.02617308683693409 0.58
59 0.02640624903142452 0.59
60 0.02600527741014957 0.6
61 0.02502363175153732 0.61
62 0.02359052933752537 0.62
63 0.02186079695820808 0.63
64 0.02007468231022358 0.64
65 0.01850557327270508 0.65
66 0.01744948327541351 0.66
67 0.01719268970191479 0.67
68 0.01799730025231838 0.68
69 0.02006034553050995 0.6900000000000001
70 0.02347297221422195 0.7000000000000001
71 0.02824306860566139 0.71
72 0.03433999791741371 0.72
73 0.04170120880007744 0.73
74 0.0502205453813076 0.74
75 0.05955304577946663 0.75
76 0.06908480077981949 0.76
77 0.07780744880437851 0.77
78 0.08474023640155792 0.78
79 0.08894076943397522 0.79
80 0.08892392367124557 0.8
81 0.08330196887254715 0.8100000000000001
82 0.07257862389087677 0.8200000000000001
83 0.05761103332042694 0.8300000000000001
84 0.03984812647104263 0.84
85 0.01926102116703987 0.85
86 -0.004905707202851772 0.86
87 -0.03200171142816544 0.87
88 -0.05891913175582886 0.88
89 -0.08257541060447693 0.89
90 -0.09768613427877426 0.9
91 -0.1013843640685081 0.91
92 -0.09391967207193375 0.92
93 -0.0767258033156395 0.93
94 -0.05282985046505928 0.9400000000000001
95 -0.02634025178849697 0.9500000000000001
96 -0.0007822539773769677 0.96
97 0.01913725957274437 0.97
98 0.02943209931254387 0.98
99 0.02769139222800732 0.99
100 0.01382967084646225 1
101 -0.01002581138163805 1.01
102 -0.03955017775297165 1.02
103 -0.06916484981775284 1.03
104 -0.09359117597341537 1.04
105 -0.1101844534277916 1.05
106 -0.1183966994285583 1.06
107 -0.1173593699932098 1.07
108 -0.1071285903453827 1.08
109 -0.0884871706366539 1.09
110 -0.06214207783341408 1.1
111 -0.03130973502993584 1.11
112 -0.0009223945089615881 1.12
113 0.02161648496985435 1.13
114 0.03032783418893814 1.14
115 0.02098500542342663 1.15
116 -0.003039149567484856 1.16
117 -0.03569023311138153 1.17
118 -0.06909094750881195 1.18
119 -0.09656194597482681 1.19
120 -0.114730529487133 1.2
121 -0.1241874694824219 1.21
122 -0.1238967254757881 1.22
123 -0.1136526688933372 1.23
124 -0.09411892294883728 1.24
125 -0.06505494564771652 1.25
126 -0.02916985750198364 1.26
127 0.007916940376162529 1.27
128 0.0360456295311451 1.28
129 0.04711785167455673 1.29
130 0.03589988872408867 1.3
131 0.007288982160389423 1.31
132 -0.03041124157607555 1.32
133 -0.06788039952516556 1.33
134 -0.09772700071334839 1.34
135 -0.1169919595122337 1.35
136 -0.1265661418437958 1.36
137 -0.1267057508230209 1.37
138 -0.1167327463626862 1.38
139 -0.09685352444648743 1.39
140 -0.0662781298160553 1.4
141 -0.02732903510332108 1.41
142 0.01352338679134846 1.42
143 0.04428824409842491 1.43
144 0.05482527613639832 1.44
145 0.04067358747124672 1.45
146 0.008306873962283134 1.46
147 -0.03233363851904869 1.47
148 -0.0711807906627655 1.48
149 -0.1010862439870834 1.49
150 -0.1197023466229439 1.5
151 -0.1284355074167252 1.51
152 -0.1276253163814545 1.52
153 -0.1166095435619354 1.53
154 -0.09520936012268066 1.54
155 -0.06241424381732941 1.55
156 -0.02095533907413483 1.56
157 0.02139922790229321 1.57
158 0.05181377381086349 1.58
159 0.05898452550172806 1.59
160 0.04053492471575737 1.6
161 0.004620194435119629 1.61
162 -0.03784725815057755 1.62
163 -0.07660858333110809 1.63
164 -0.1053136214613914 1.64
165 -0.1223590448498726 1.65
166 -0.1296671628952026 1.66
167 -0.127301886677742 1.67
168 -0.114631362259388 1.68
169 -0.09118648618459702 1.69
170 -0.05611573904752731 1.7
171 -0.01282144151628017 1.71
172 0.02935925684869289 1.72
173 0.05736237391829491 1.73
174 0.05939553305506706 1.74
175 0.03626315295696259 1.75
176 -0.002447224920615554 1.76
177 -0.04549494385719299 1.77
178 -0.08299202471971512 1.78
179 -0.1097139865159988 1.79
180 -0.1246721819043159 1.8
181 -0.1301704198122025 1.81
182 -0.125901460647583 1.82
183 -0.1112507507205009 1.83
184 -0.08546072244644165 1.84
185 -0.04806855320930481 1.85
186 -0.003767923451960087 1.86
187 0.03680633008480072 1.87
188 0.06030400097370148 1.88
189 0.05670445784926414 1.89
190 0.02949113771319389 1.9
191 -0.01118545420467854 1.91
192 -0.05397538095712662 1.92
193 -0.08960428088903427 1.93
194 -0.1138899102807045 1.94
195 -0.1267199069261551 1.95
196 -0.1302236169576645 1.96
197 -0.123846635222435 1.97
198 -0.1069783344864845 1.98
199 -0.07867354154586792 1.99
200 -0.03896856307983398 2
201 0.006032726261764765 2.01
202 0.04375759139657021 2.02
203 0.06253013759851456 2.03
204 0.05329957604408264 2.04
205 0.02177884802222252 2.05
206 -0.0206095464527607 2.06
207 -0.0626022070646286 2.07
208 -0.09596601873636246 2.08
209 -0.1177078858017921 2.09
210 -0.1285085827112198 2.1
211 -0.1298938691616058 2.11
212 -0.1211974918842316 2.12
213 -0.1019005849957466 2.13
214 -0.07084658741950989 2.14
215 -0.02944998815655708 2.15
216 0.01564763113856316 2.16
217 0.05041154101490974 2.17
218 0.06312022358179092 2.18
219 0.04800022020936012 2.19
220 0.0130322277545929 2.2
221 -0.03022529184818268 2.21
222 -0.07096206396818161 2.22
223 -0.1019091829657555 2.23
224 -0.1209891512989998 2.24
225 -0.1297298967838287 2.25
226 -0.1289591789245605 2.26
227 -0.1179322600364685 2.27
228 -0.0961400493979454 2.28
229 -0.06239620968699455 2.29
230 -0.01936797052621841 2.3
231 0.02459082007408142 2.31
232 0.05573324486613274 2.32
233 0.06200279295444489 2.33
234 0.04161650687456131 2.34
235 0.003824488027021289 2.35
236 -0.03978177160024643 2.36
237 -0.07877427339553833 2.37
238 -0.1071590483188629 2.38
239 -0.1236483603715897 2.39
240 -0.1303694695234299 2.4
241 -0.1274125128984451 2.41
242 -0.1140823811292648 2.42
243 -0.08970692008733749 2.43
244 -0.05347206443548203 2.44
245 -0.009191923774778843 2.45
246 0.03304241225123405 2.46
247 0.05962281301617622 2.47
248 0.05944005399942398 2.48
249 0.03426040709018707 2.49
250 -0.005742272362112999 2.5
251 -0.04905481263995171 2.51
252 -0.08598137646913528 2.52
253 -0.1117486283183098 2.53
254 -0.12579345703125 2.54
255 -0.1304244697093964 2.55
256 -0.1252640038728714 2.56
257 -0.1096254214644432 2.57
258 -0.08262727409601212 2.58
259 -0.04396717250347137 2.59
260 0.000980289070867002 2.6
261 0.04056627675890923 2.61
262 0.06203869357705116 2.62
263 0.05562040582299232 2.63
264 0.02607803978025913 2.64
265 -0.01562557369470596 2.65
266 -0.05815889313817024 2.66
267 -0.09277183562517166 2.67
268 -0.1158722266554832 2.68
269 -0.127753809094429 2.69
270 -0.1302164793014526 2.7
271 -0.1227137595415115 2.71
272 -0.1046678796410561 2.72
273 -0.07500109821557999 2.73
274 -0.03436620533466339 2.74
275 0.0109598571434617 2.75
276 0.04742283374071121 2.76
277 0.06323631852865219 2.77
278 0.05098522081971169 2.78
279 0.01756491512060165 2.79
280 -0.02544365264475346 2.8
281 -0.0669340193271637 2.81
282 -0.09908968210220337 2.82
283 -0.1194835752248764 2.83
284 -0.1292309015989304 2.84
285 -0.129558265209198 2.85
286 -0.1196603253483772 2.86
287 -0.09907382726669312 2.87
288 -0.06663274019956589 2.88
289 -0.02438415959477425 2.89
290 0.02033893577754498 2.9
291 0.05342154949903488 2.91
292 0.06285621225833893 2.92
293 0.04497410356998444 2.93
294 0.008431847207248211 2.94
295 -0.03508314117789268 2.95
296 -0.07499349117279053 2.96
297 -0.104668527841568 2.97
298 -0.1224385872483253 2.98
299 -0.1301777511835098 2.99
300 -0.128292977809906 3
