"report-def-0-rfile"
"Time Step" "report-def-0 etc.."
("Time Step" "report-def-0" "flow-time")
0 0 0
1 -0.0154265845194459 0.01
2 -0.02765292301774025 0.02
3 -0.03329343721270561 0.03
4 -0.04024630784988403 0.04
5 -0.04823011159896851 0.05
6 -0.05751356482505798 0.06
7 -0.06793511658906937 0.07000000000000001
8 -0.07884760200977325 0.08
9 -0.08961061388254166 0.09
10 -0.09949798882007599 0.1
11 -0.1078171953558922 0.11
12 -0.1140513941645622 0.12
13 -0.118267759680748 0.13
14 -0.1213034614920616 0.14
15 -0.1233153492212296 0.15
16 -0.1242643147706985 0.16
17 -0.1242696270346642 0.17
18 -0.1232793256640434 0.18
19 -0.1211982369422913 0.19
20 -0.1181283220648766 0.2
21 -0.1143998429179192 0.21
22 -0.110070712864399 0.22
23 -0.1052299961447716 0.23
24 -0.1000194549560547 0.24
25 -0.09450729191303253 0.25
26 -0.08878961950540543 0.26
27 -0.08307307958602905 0.27
28 -0.07749238610267639 0.28
29 -0.0721859484910965 0.29
30 -0.06712286919355392 0.3
31 -0.06225989386439323 0.31
32 -0.05761030316352844 0.32
33 -0.05306665971875191 0.33
34 -0.04861065000295639 0.34
35 -0.04409122094511986 0.35
36 -0.0393698662519455 0.36
37 -0.03434902802109718 0.37
38 -0.02894687838852406 0.38
39 -0.02316154539585114 0.39
40 -0.01701544597744942 0.4
41 -0.01051044464111328 0.41
42 -0.003872834146022797 0.42
43 0.002637659898027778 0.43
44 0.008902452886104584 0.44
45 0.01460369769483805 0.45
46 0.01940056495368481 0.46
47 0.02301356941461563 0.47
48 0.02514541521668434 0.48
49 0.02563823759555817 0.49
50 0.02441837638616562 0.5
51 0.02154883742332458 0.51
52 0.01737648621201515 0.52
53 0.01248340401798487 0.53
54 0.007570435758680105 0.54
55 0.003506931941956282 0.55
56 0.001291373511776328 0.5600000000000001
57 0.001916154287755489 0.5700000000000001
58 0.006213275250047445 0.5800000000000001
59 0.01493377517908812 0.5900000000000001
60 0.02846129797399044 0.6000000000000001
61 0.04676627367734909 0.61
62 0.06911651790142059 0.62
63 0.09398692846298218 0.63
64 0.1182490140199661 0.64
65 0.1379242837429047 0.65
66 0.1489586383104324 0.66
67 0.1446007937192917 0.67
68 0.1214371621608734 0.68
69 0.0836881548166275 0.6900000000000001
70 0.04030364006757736 0.7000000000000001
71 -0.00502884155139327 0.71
72 -0.05498460307717323 0.72
73 -0.1036333441734314 0.73
74 -0.1371486186981201 0.74
75 -0.1503435075283051 0.75
76 -0.1430263370275497 0.76
77 -0.1193989962339401 0.77
78 -0.08308405429124832 0.78
79 -0.04103852435946465 0.79
80 -0.004119773395359516 0.8
81 0.01563670858740807 0.8100000000000001
82 0.009919206611812115 0.8200000000000001
83 -0.0182529054582119 0.8300000000000001
84 -0.05878725647926331 0.84
85 -0.09901932626962662 0.85
86 -0.1288537681102753 0.86
87 -0.1453119218349457 0.87
88 -0.1472512483596802 0.88
89 -0.1335881948471069 0.89
90 -0.1049037128686905 0.9
91 -0.06174235790967941 0.91
92 -0.01118715759366751 0.92
93 0.03204741328954697 0.93
94 0.05183673650026321 0.9400000000000001
95 0.036782156676054 0.9500000000000001
96 -0.005251679569482803 0.9600000000000001
97 -0.05820070952177048 0.97
98 -0.1051617711782455 0.98
99 -0.1363108903169632 0.99
100 -0.1508705765008926 1
101 -0.1489218175411224 1.01
102 -0.1301086395978928 1.02
103 -0.09407468140125275 1.03
104 -0.0422494150698185 1.04
105 0.0142636327072978 1.05
106 0.05513199418783188 1.06
107 0.06125204637646675 1.07
108 0.03038635849952698 1.08
109 -0.02264584973454475 1.09
110 -0.07810374349355698 1.1
111 -0.1208153069019318 1.11
112 -0.1453405469655991 1.12
113 -0.1534735113382339 1.13
114 -0.1448597013950348 1.14
115 -0.1187558472156525 1.15
116 -0.07404956966638565 1.16
117 -0.01553874835371971 1.17
118 0.04010650515556335 1.18
119 0.06982201337814331 1.19
120 0.05803793296217918 1.2
121 0.01270643435418606 1.21
122 -0.04612250998616219 1.22
123 -0.09882785379886627 1.23
124 -0.1346145570278168 1.24
125 -0.1519728749990463 1.25
126 -0.1529445350170135 1.26
127 -0.1362851411104202 1.27
128 -0.1011841148138046 1.28
129 -0.04742642492055893 1.29
130 0.01472542155534029 1.3
131 0.06238847598433495 1.31
132 0.07327498495578766 1.32
133 0.04259609803557396 1.33
134 -0.01321162469685078 1.34
135 -0.07238411903381348 1.35
136 -0.1184073388576508 1.36
137 -0.1453649401664734 1.37
138 -0.1550038009881973 1.38
139 -0.1477319598197937 1.39
140 -0.122506782412529 1.4
141 -0.07765301316976547 1.41
142 -0.01715319789946079 1.42
143 0.04209748655557632 1.43
144 0.07503446936607361 1.44
145 0.06443445384502411 1.45
146 0.01824313774704933 1.46
147 -0.04233771562576294 1.47
148 -0.0968882143497467 1.48
149 -0.1340990662574768 1.49
150 -0.1522743701934814 1.5
151 -0.1538502126932144 1.51
152 -0.1377688199281693 1.52
153 -0.1029236912727356 1.53
154 -0.04877573624253273 1.54
155 0.01458888128399849 1.55
156 0.06367488950490952 1.56
157 0.07555358111858368 1.57
158 0.04478239268064499 1.58
159 -0.01166532933712006 1.59
160 -0.071552574634552 1.6
161 -0.118124783039093 1.61
162 -0.145481750369072 1.62
163 -0.1553749591112137 1.63
164 -0.1483134478330612 1.64
165 -0.1231983378529549 1.65
166 -0.07825411111116409 1.66
167 -0.01734299957752228 1.67
168 0.04262081161141396 1.68
169 0.0761428028345108 1.69
170 0.06562028825283051 1.7
171 0.01912206225097179 1.71
172 -0.04185390844941139 1.72
173 -0.0967332124710083 1.73
174 -0.1341499537229538 1.74
175 -0.1524146795272827 1.75
176 -0.1540502309799194 1.76
177 -0.1380217373371124 1.77
178 -0.1031505763530731 1.78
179 -0.04884746298193932 1.79
180 0.01480908691883087 1.8
181 0.06415101140737534 1.81
182 0.07609941810369492 1.82
183 0.04516522586345673 1.83
184 -0.01149849407374859 1.84
185 -0.07154519110918045 1.85
186 -0.1181942820549011 1.86
187 -0.1455781161785126 1.87
188 -0.1554675251245499 1.88
189 -0.14838707447052 1.89
190 -0.1232234463095665 1.9
191 -0.07817548513412476 1.91
192 -0.01710634306073189 1.92
193 0.04298371821641922 1.93
194 0.07649345695972443 1.94
195 0.0658060684800148 1.95
196 0.01911189220845699 1.96
197 -0.04198190942406654 1.97
198 -0.09688571840524673 1.98
199 -0.1342741250991821 1.99
200 -0.1524905264377594 2
201 -0.154070258140564 2.01
202 -0.1379709094762802 2.02
203 -0.1030033975839615 2.03
204 -0.04858703538775444 2.04
205 0.0151444673538208 2.05
206 0.06444501876831055 2.06
207 0.07620508968830109 2.07
208 0.04505127295851707 2.08
209 -0.01174269896000624 2.09
210 -0.0717996284365654 2.1
211 -0.1183821484446526 2.11
212 -0.1456827223300934 2.12
213 -0.1554940938949585 2.13
214 -0.1483314037322998 2.14
215 -0.1230731531977654 2.15
216 -0.07791110873222351 2.16
217 -0.0167476050555706 2.17
218 0.04330477118492126 2.18
219 0.07663493603467941 2.19
220 0.0657043382525444 2.2
221 0.01883771829307079 2.21
222 -0.04229374602437019 2.22
223 -0.09712264686822891 2.23
224 -0.134425163269043 2.24
225 -0.1525555700063705 2.25
226 -0.1540444940328598 2.26
227 -0.1378343850374222 2.27
228 -0.1027417033910751 2.28
229 -0.04821653664112091 2.29
230 0.0155337480828166 2.3
231 0.06470548361539841 2.31
232 0.07618328928947449 2.32
233 0.04478162154555321 2.33
234 -0.0121236490085721 2.34
235 -0.07214868068695068 2.35
236 -0.118619441986084 2.36
237 -0.1457980126142502 2.37
238 -0.1555033475160599 2.38
239 -0.1482327431440353 2.39
240 -0.1228597462177277 2.4
241 -0.07757192105054855 2.41
242 -0.01632816158235073 2.42
243 0.04363686963915825 2.43
244 0.0767274796962738 2.44
245 0.06551949679851532 2.45
246 0.01847928762435913 2.46
247 -0.04268186166882515 2.47
248 -0.0974341407418251 2.48
249 -0.1345991343259811 2.49
250 -0.1526181697845459 2.5
251 -0.1540015786886215 2.51
252 -0.1376684606075287 2.52
253 -0.1024426370859146 2.53
254 -0.04780945554375648 2.54
255 0.01594573818147182 2.55
256 0.06496812403202057 2.56
257 0.07612752914428711 2.57
258 0.04447117075324059 2.58
259 -0.01254096813499928 2.59
260 -0.072525754570961 2.6
261 -0.1188757047057152 2.61
262 -0.145919144153595 2.62
263 -0.1555065512657166 2.63
264 -0.1481185406446457 2.64
265 -0.1226230338215828 2.65
266 -0.07720606774091721 2.66
267 -0.01588981412351131 2.67
268 0.04397483542561531 2.68
269 0.07681132107973099 2.69
270 0.06532003730535507 2.7
271 0.01810058392584324 2.71
272 -0.0430905781686306 2.72
273 -0.09775261580944061 2.73
274 -0.1347809731960297 2.74
275 -0.1526829451322556 2.75
276 -0.1539530903100967 2.76
277 -0.1374869048595428 2.77
278 -0.1021176874637604 2.78
279 -0.04737085103988647 2.79
280 0.01639694161713123 2.8
281 0.06524809449911118 2.81
282 0.07605546712875366 2.82
283 0.04412352666258812 2.83
284 -0.01299639046192169 2.84
285 -0.07293012738227844 2.85
286 -0.1191509887576103 2.86
287 -0.1460493952035904 2.87
288 -0.1555110812187195 2.88
289 -0.1479948461055756 2.89
290 -0.1223626062273979 2.9
291 -0.07680410891771317 2.91
292 -0.01541334670037031 2.92
293 0.04434234276413918 2.93
294 0.07690459489822388 2.94
295 0.06509756296873093 2.95
296 0.01768916845321655 2.96
297 -0.04353111237287521 2.97
298 -0.09809419512748718 2.98
299 -0.1349759697914124 2.99
300 -0.1527518630027771 3
301 -0.1538998484611511 3.01
302 -0.1372896134853363 3.02
303 -0.1017662212252617 3.03
304 -0.04689596965909004 3.04
305 0.01686574891209602 3.05
306 0.06554173678159714 3.06
307 0.0759732574224472 3.07
308 0.04374811053276062 3.08
309 -0.01348423026502132 3.09
310 -0.07336198538541794 3.1
311 -0.1194439083337784 3.11
312 -0.1461908519268036 3.12
313 -0.1555162966251373 3.13
314 -0.147863507270813 3.14
315 -0.1220857501029968 3.15
316 -0.07638099044561386 3.16
317 -0.01490396726876497 3.17
318 0.04473499208688736 3.18
319 0.07699921727180481 3.19
320 0.06485334783792496 3.2
321 0.0172520074993372 3.21
322 -0.0439995601773262 3.22
323 -0.09845547378063202 3.23
324 -0.1351826936006546 3.24
325 -0.1528264731168747 3.25
326 -0.1538456380367279 3.26
327 -0.137083500623703 3.27
328 -0.1013959795236588 3.28
329 -0.04639564827084541 3.29
330 0.01735481433570385 3.3
331 0.06584258377552032 3.31
332 0.07588081806898117 3.32
333 0.04335545748472214 3.33
334 -0.01399619784206152 3.34
335 -0.07381837069988251 3.35
336 -0.1197531074285507 3.36
337 -0.1463369578123093 3.37
338 -0.1555245965719223 3.38
339 -0.1477288156747818 3.39
340 -0.121797651052475 3.4
341 -0.07593937963247299 3.41
342 -0.01437313668429852 3.42
343 0.04514183104038239 3.43
344 0.07709942758083344 3.44
345 0.06459918618202209 3.45
346 0.01678840443491936 3.46
347 -0.04449028894305229 3.47
348 -0.09883151203393936 3.48
349 -0.1353971809148788 3.49
350 -0.1529033929109573 3.5
351 -0.153784304857254 3.51
352 -0.1368689835071564 3.52
353 -0.1010122671723366 3.53
354 -0.04587334394454956 3.54
355 0.01786194927990437 3.55
356 0.06614663451910019 3.56
357 0.07577973604202271 3.57
358 0.04294395819306374 3.58
359 -0.01452844217419624 3.59
360 -0.07428974658250809 3.6
361 -0.1200714185833931 3.61
362 -0.1464863121509552 3.62
363 -0.155536562204361 3.63
364 -0.1475909799337387 3.64
365 -0.1214993596076965 3.65
366 -0.07547663897275925 3.66
367 -0.01383156701922417 3.67
368 0.04555266350507736 3.68
369 0.07719848304986954 3.69
370 0.0643351748585701 3.7
371 0.01631464809179306 3.71
372 -0.0449877642095089 3.72
373 -0.09921233355998993 3.73
374 -0.1356145441532135 3.74
375 -0.1529803276062012 3.75
376 -0.1537170112133026 3.76
377 -0.136647492647171 3.77
378 -0.1006180197000504 3.78
379 -0.04533825069665909 3.79
380 0.01838304847478867 3.8
381 0.06644780188798904 3.81
382 0.07566577196121216 3.82
383 0.04250774905085564 3.83
384 -0.01508508156985044 3.84
385 -0.07477616518735886 3.85
386 -0.1203964427113533 3.86
387 -0.1466362327337265 3.87
388 -0.1555431932210922 3.88
389 -0.1474466323852539 3.89
390 -0.1211917027831078 3.9
391 -0.07500064373016357 3.91
392 -0.0132788373157382 3.92
393 0.04596909135580063 3.93
394 0.07729995995759964 3.94
395 0.06406626105308533 3.95
396 0.01583083719015121 3.96
397 -0.04549950733780861 3.97
398 -0.09960541129112244 3.98
399 -0.1358406394720078 3.99
400 -0.1530593484640121 4
401 -0.1536461263895035 4.01
402 -0.136418953537941 4.02
403 -0.1002143248915672 4.03
404 -0.04479284211993217 4.04
405 0.0189143605530262 4.05
406 0.0667567178606987 4.06
407 0.0755481943488121 4.07
408 0.04206074774265289 4.08
409 -0.01565361768007278 4.09
410 -0.07527168095111847 4.100000000000001
411 -0.1207265332341194 4.11
412 -0.1467889696359634 4.12
413 -0.1555459648370743 4.13
414 -0.1472966372966766 4.14
415 -0.1208777651190758 4.15
416 -0.07451805472373962 4.16
417 -0.01272115483880043 4.17
418 0.04638867452740669 4.18
419 0.07741186022758484 4.19
420 0.06379455327987671 4.2
421 0.0153346536681056 4.21
422 -0.04602260887622833 4.22
423 -0.1000061929225922 4.23
424 -0.136069267988205 4.24
425 -0.1531404703855515 4.25
426 -0.1535754799842834 4.26
427 -0.1361882239580154 4.27
428 -0.09980928897857666 4.28
429 -0.04424707964062691 4.29
430 0.01944712176918983 4.3
431 0.06706508994102478 4.31
432 0.07543341070413589 4.32
433 0.04161426052451134 4.33
434 -0.01622242294251919 4.34
435 -0.0757683739066124 4.35
436 -0.1210573986172676 4.36
437 -0.146939679980278 4.37
438 -0.1555459648370743 4.38
439 -0.147143691778183 4.39
440 -0.1205594912171364 4.4
441 -0.07403120398521423 4.41
442 -0.01216313615441322 4.42
443 0.04680461436510086 4.43
444 0.07751686871051788 4.44
445 0.06351472437381744 4.45
446 0.01482867449522018 4.46
447 -0.04655199497938156 4.47
448 -0.1004112437367439 4.48
449 -0.1363002359867096 4.49
450 -0.1532229632139206 4.5
451 -0.1535066962242126 4.51
452 -0.1359609961509705 4.52
453 -0.09940945357084274 4.53
454 -0.04370726644992828 4.54
455 0.01997393742203712 4.55
456 0.06736708432435989 4.56
457 0.07532254606485367 4.57
458 0.041185412555933 4.58
459 -0.01676454953849316 4.59
460 -0.07624158263206482 4.6
461 -0.1213704571127892 4.61
462 -0.1470802277326584 4.62
463 -0.155542716383934 4.63
464 -0.146991953253746 4.64
465 -0.1202446818351746 4.65
466 -0.07355038076639175 4.66
467 -0.01161278877407312 4.67
468 0.0472111664712429 4.68
469 0.07761143893003464 4.69
470 0.06322634965181351 4.7
471 0.01431996561586857 4.71
472 -0.04707811772823334 4.72
473 -0.1008087992668152 4.73
474 -0.136527881026268 4.74
475 -0.1533063650131226 4.75
476 -0.1534383594989777 4.76
477 -0.1357386261224747 4.77
478 -0.0990135595202446 4.78
479 -0.04317071288824081 4.79
480 0.02049733884632587 4.8
481 0.06766960024833679 4.81
482 0.07522102445363998 4.82
483 0.04077363759279251 4.83
484 -0.0172908641397953 4.84
485 -0.07670484483242035 4.85
486 -0.1216781586408615 4.86
487 -0.1472171694040298 4.87
488 -0.1555380523204803 4.88
489 -0.1468415409326553 4.89
490 -0.1199323982000351 4.9
491 -0.07307365536689758 4.91
492 -0.01105579826980829 4.92
493 0.04761600866913795 4.93
494 0.0777013748884201 4.94
495 0.06293652951717377 4.95
496 0.01381140761077404 4.96
497 -0.04760104790329933 4.97
498 -0.1012034490704536 4.98
499 -0.1367505341768265 4.99
500 -0.15338534116745 5
501 -0.1533703356981277 5.01
502 -0.1355201900005341 5.02
503 -0.09862780570983887 5.03
504 -0.04264641925692558 5.04
505 0.02100749686360359 5.05
506 0.06797715276479721 5.06
507 0.07513344287872314 5.07
508 0.04038902372121811 5.08
509 -0.01779012754559517 5.09
510 -0.07714780420064926 5.1
511 -0.1219734326004982 5.11
512 -0.1473473906517029 5.12
513 -0.1555309593677521 5.13
514 -0.1466923803091049 5.14
515 -0.1196257621049881 5.15
516 -0.07260724157094955 5.16
517 -0.0105116656050086 5.17
518 0.04800473898649216 5.18
519 0.07777582108974457 5.19
520 0.06264433264732361 5.2
521 0.0133083863183856 5.21
522 -0.04811627790331841 5.22
523 -0.1015922725200653 5.23
524 -0.1369702517986298 5.24
525 -0.1534635722637177 5.25
526 -0.1533030122518539 5.26
527 -0.1353065371513367 5.27
528 -0.09824565798044205 5.28
529 -0.04213027283549309 5.29
530 0.02151165902614594 5.3
531 0.06828094273805618 5.31
532 0.07505235821008682 5.32
533 0.04001566767692566 5.33
534 -0.01828000508248806 5.34
535 -0.07758390158414841 5.35
536 -0.1222638264298439 5.36
537 -0.1474745124578476 5.37
538 -0.1555253565311432 5.38
539 -0.1465456485748291 5.39
540 -0.1193233951926231 5.4
541 -0.07214908301830292 5.41
542 -0.009981109760701656 5.42
543 0.04838252440094948 5.43
544 0.07784243673086166 5.44
545 0.06235655024647713 5.45
546 0.0128206480294466 5.46
547 -0.04861525073647499 5.47
548 -0.1019700914621353 5.48
549 -0.1371848434209824 5.49
550 -0.1535395383834839 5.5
551 -0.1532338559627533 5.51
552 -0.1350983828306198 5.52
553 -0.09787283837795258 5.53
554 -0.04161962494254112 5.54
555 0.02200932428240776 5.55
556 0.06857377290725708 5.56
557 0.07497067004442215 5.57
558 0.03965088725090027 5.58
559 -0.018750024959445 5.59
560 -0.07800047844648361 5.6
561 -0.1225414723157883 5.61
562 -0.1475957185029984 5.62
563 -0.1555171310901642 5.63
564 -0.14640112221241 5.64
565 -0.1190280392765999 5.65
566 -0.07170228660106659 5.66
567 -0.00946490652859211 5.67
568 0.04874809831380844 5.68
569 0.07790211588144302 5.69
570 0.06207964196801186 5.7
571 0.0123500432819128 5.71
572 -0.04909434169530869 5.72
573 -0.1023285016417503 5.73
574 -0.1373855322599411 5.74
575 -0.1536094844341278 5.75
576 -0.1531702429056168 5.76
577 -0.1348967552185059 5.77
578 -0.09751259535551071 5.78
579 -0.04112780466675758 5.79
580 0.02248517796397209 5.8
581 0.06884737312793732 5.81
582 0.07488773018121719 5.82
583 0.03929687291383743 5.83
584 -0.01920280978083611 5.84
585 -0.0784025713801384 5.85
586 -0.1228086799383163 5.86
587 -0.1477130204439163 5.87
588 -0.1555100828409195 5.88
589 -0.1462601572275162 5.89
590 -0.1187392324209213 5.9
591 -0.07126464694738388 5.91
592 -0.008962375111877918 5.92
593 0.04910404235124588 5.93
594 0.07795503735542297 5.94
595 0.06180316582322121 5.95
596 0.01188438571989536 5.96
597 -0.04956227168440819 5.97
598 -0.1026746854186058 5.98
599 -0.1375813782215118 5.99
600 -0.1536780893802643 6
601 -0.1531082391738892 6.01
602 -0.1346989125013351 6.02
603 -0.09716248512268066 6.03
604 -0.04065650328993797 6.04
605 0.02293971553444862 6.05
606 0.06911113858222961 6.06
607 0.07481250911951065 6.07
608 0.03895995393395424 6.08
609 -0.01963664405047894 6.09
610 -0.0787898376584053 6.1
611 -0.1230667009949684 6.11
612 -0.1478265076875687 6.12
613 -0.1555028706789017 6.13
614 -0.1461231261491776 6.14
615 -0.1184581816196442 6.15
616 -0.07084460556507111 6.16
617 -0.008490999229252338 6.17
618 0.04943776503205299 6.18
619 0.07799870520830154 6.19
620 0.06152943149209023 6.2
621 0.01142129022628069 6.21
622 -0.05002141743898392 6.22
623 -0.1030119508504868 6.23
624 -0.1377724856138229 6.24
625 -0.1537433415651321 6.25
626 -0.1530453860759735 6.26
627 -0.1345061063766479 6.27
628 -0.09682226926088333 6.28
629 -0.04020162671804428 6.29
630 0.02337878569960594 6.3
631 0.06936591118574142 6.31
632 0.07473883032798767 6.32
633 0.03863155469298363 6.33
634 -0.02005805261433125 6.34
635 -0.07916294783353806 6.35
636 -0.1233143955469131 6.36
637 -0.1479353010654449 6.37
638 -0.1554946005344391 6.38
639 -0.1459900885820389 6.39
640 -0.118186891078949 6.4
641 -0.07043867558240891 6.41
642 -0.008038361556828022 6.42
643 0.04975667223334312 6.43
644 0.07803849130868912 6.44
645 0.06126203387975693 6.45
646 0.01097125187516212 6.46
647 -0.05046558007597923 6.47
648 -0.1033370494842529 6.48
649 -0.1379564702510834 6.49
650 -0.1538053303956985 6.5
651 -0.1529815942049026 6.51
652 -0.1343165785074234 6.52
653 -0.09649087488651276 6.53
654 -0.03977937251329422 6.54
655 0.0238011684268713 6.55
656 0.06960996240377426 6.56
657 0.07465209066867828 6.57
658 0.03830843418836594 6.58
659 -0.02046333253383636 6.59
660 -0.07951869070529938 6.6
661 -0.1235484704375267 6.61
662 -0.1480365693569183 6.62
663 -0.1554830968379974 6.63
664 -0.1458577066659927 6.64
665 -0.1179200559854507 6.65
666 -0.07003839313983917 6.66
667 -0.00758837815374136 6.67
668 0.05007205531001091 6.68
669 0.07807951420545578 6.69
670 0.0610027089715004 6.7
671 0.01053339056670666 6.71
672 -0.05089841410517693 6.72
673 -0.1036529392004013 6.73
674 -0.1381342560052872 6.74
675 -0.1538642644882202 6.75
676 -0.1529170870780945 6.76
677 -0.1341301649808884 6.77
678 -0.09616655856370926 6.78
679 -0.03936677053570747 6.79
680 0.02421024814248085 6.8
681 0.06984319537878036 6.81
682 0.07457102090120316 6.82
683 0.03798981755971909 6.83
684 -0.02086954563856125 6.84
685 -0.0798753947019577 6.85
686 -0.1237818822264671 6.86
687 -0.1481379270553589 6.87
688 -0.1554760336875916 6.88
689 -0.1457448750734329 6.89
690 -0.1176687330007553 6.9
691 -0.06965326517820358 6.91
692 -0.007142941001802683 6.92
693 0.05037634074687958 6.93
694 0.07811380177736282 6.94
695 0.06075002253055573 6.95
696 0.01011542230844498 6.96
697 -0.05131086334586143 6.97
698 -0.1039545014500618 6.98
699 -0.1383040845394135 6.99
700 -0.1539199948310852 7
701 -0.1528545022010803 7.01
702 -0.1339509785175323 7.02
703 -0.09585530310869217 7.03
704 -0.03897179290652275 7.04
705 0.02459514699876308 7.05
706 0.07005921006202698 7.06
707 0.07448968291282654 7.07
708 0.03768482804298401 7.08
709 -0.02125592529773712 7.09
710 -0.08021419495344162 7.1
711 -0.1240024790167809 7.11
712 -0.1482329815626144 7.12
713 -0.1554721742868423 7.13
714 -0.1456274837255478 7.14
715 -0.1174255982041359 7.15
716 -0.06928766518831253 7.16
717 -0.006720041390508413 7.17
718 0.05065657570958138 7.18
719 0.07813914865255356 7.19
720 0.06050609424710274 7.2
721 0.009719402529299259 7.21
722 -0.05169938504695892 7.22
723 -0.1042395010590553 7.23
724 -0.1384651511907578 7.24
725 -0.1539734750986099 7.25
726 -0.1527967602014542 7.26
727 -0.1337844580411911 7.27
728 -0.09556473046541214 7.28
729 -0.03860113769769669 7.29
730 0.02495641633868217 7.3
731 0.07026037573814392 7.31
732 0.07441054284572601 7.32
733 0.0373985543847084 7.33
734 -0.02161483652889729 7.34
735 -0.08052689582109451 7.35
736 -0.1242058798670769 7.36
737 -0.1483199000358582 7.37
738 -0.1554671823978424 7.38
739 -0.1455169916152954 7.39
740 -0.1171974539756775 7.4
741 -0.0689445286989212 7.41
742 -0.006326868664473295 7.42
743 0.05091621726751328 7.43
744 0.07816098630428314 7.44
745 0.06027548760175705 7.45
746 0.009350934997200966 7.46
747 -0.05206127464771271 7.47
748 -0.1045043841004372 7.48
749 -0.1386133283376694 7.49
750 -0.154021292924881 7.5
751 -0.1527418941259384 7.51
752 -0.133625254034996 7.52
753 -0.09528835862874985 7.53
754 -0.03824760392308235 7.54
755 0.02529220096766949 7.55
756 0.07044283300638199 7.56
757 0.0743306577205658 7.57
758 0.03712115809321404 7.58
759 -0.02196162194013596 7.59
760 -0.08082710951566696 7.6
761 -0.1243992447853088 7.61
762 -0.1484009772539139 7.62
763 -0.1554607301950455 7.63
764 -0.1454107314348221 7.64
765 -0.1169805601239204 7.65
766 -0.06862065196037292 7.66
767 -0.005955290980637074 7.67
768 0.05116833001375198 7.68
769 0.07818484306335449 7.69
770 0.06005891785025597 7.7
771 0.009008890949189663 7.71
772 -0.05239836871623993 7.72
773 -0.1047513261437416 7.73
774 -0.1387510299682617 7.74
775 -0.1540646553039551 7.75
776 -0.1526874154806137 7.76
777 -0.1334699690341949 7.77
778 -0.09502258896827698 7.78
779 -0.03790347650647163 7.79
780 0.02560188248753548 7.8
781 0.07060710340738297 7.81
782 0.07424847036600113 7.82
783 0.03684910386800766 7.83
784 -0.02230163849890232 7.84
785 -0.08111317455768585 7.85
786 -0.124582938849926 7.86
787 -0.1484775990247726 7.87
788 -0.155454158782959 7.88
789 -0.1453116238117218 7.89
790 -0.1167777925729752 7.9
791 -0.06831434369087219 7.91
792 -0.005610866472125053 7.92
793 0.05140232667326927 7.93
794 0.07820826023817062 7.94
795 0.05985773354768753 7.95
796 0.008691518567502499 7.96
797 -0.05271347612142563 7.97
798 -0.1049824357032776 7.98
799 -0.1388798803091049 7.99
800 -0.1541048884391785 8
801 -0.1526352912187576 8.01
802 -0.1333220899105072 8.020000000000001
803 -0.09477028250694275 8.030000000000001
804 -0.03757773712277412 8.040000000000001
805 0.02589023485779762 8.050000000000001
806 0.07075726240873337 8.06
807 0.07416602224111557 8.07
808 0.03658824041485786 8.08
809 -0.02262094430625439 8.09
810 -0.08138346672058105 8.1
811 -0.1247562319040298 8.110000000000001
812 -0.1485494077205658 8.120000000000001
813 -0.1554464995861053 8.130000000000001
814 -0.1452150344848633 8.140000000000001
815 -0.1165819466114044 8.15
816 -0.06801885366439819 8.16
817 -0.005283352453261614 8.170000000000002
818 0.05162373930215836 8.180000000000001
819 0.07823328673839569 8.190000000000001
820 0.05966947227716446 8.200000000000001
821 0.008389930240809917 8.210000000000001
822 -0.05301537737250328 8.220000000000001
823 -0.105204202234745 8.23
824 -0.1390036195516586 8.24
825 -0.1541430205106735 8.250000000000002
826 -0.152584120631218 8.260000000000002
827 -0.1331785619258881 8.270000000000001
828 -0.09452621638774872 8.280000000000001
829 -0.037265345454216 8.290000000000001
830 0.02617032825946808 8.300000000000001
831 0.07090315222740173 8.31
832 0.07408564537763596 8.32
833 0.03633628785610199 8.33
834 -0.02292991988360882 8.340000000000002
835 -0.08164461702108383 8.350000000000001
836 -0.1249234974384308 8.360000000000001
837 -0.1486186236143112 8.370000000000001
838 -0.155439019203186 8.380000000000001
839 -0.1451209485530853 8.390000000000001
840 -0.116390235722065 8.4
841 -0.06772954016923904 8.41
842 -0.004967234563082457 8.420000000000002
843 0.05183712020516396 8.430000000000001
844 0.07825759798288345 8.440000000000001
845 0.05948632955551147 8.450000000000001
846 0.008095649071037769 8.460000000000001
847 -0.05331137031316757 8.470000000000001
848 -0.1054214760661125 8.48
849 -0.1391258239746094 8.49
850 -0.1541804075241089 8.500000000000002
851 -0.1525327861309052 8.510000000000002
852 -0.1330352127552032 8.520000000000001
853 -0.09428512305021286 8.530000000000001
854 -0.03696122765541077 8.540000000000001
855 0.02644677087664604 8.550000000000001
856 0.07104486227035522 8.56
857 0.07400241494178772 8.57
858 0.03608628362417221 8.58
859 -0.02323623187839985 8.590000000000002
860 -0.08190406113862991 8.600000000000001
861 -0.1250898391008377 8.610000000000001
862 -0.148687481880188 8.620000000000001
863 -0.1554314941167831 8.630000000000001
864 -0.1450268924236298 8.640000000000001
865 -0.1162002831697464 8.65
866 -0.06744705885648727 8.66
867 -0.004659627564251423 8.670000000000002
868 0.0520438551902771 8.680000000000001
869 0.07827885448932648 8.690000000000001
870 0.05930481106042862 8.700000000000001
871 0.007807082962244749 8.710000000000001
872 -0.05360102653503418 8.720000000000001
873 -0.1056339368224144 8.73
874 -0.1392458528280258 8.74
875 -0.1542166918516159 8.750000000000002
876 -0.1524800658226013 8.760000000000002
877 -0.1328932642936707 8.770000000000001
878 -0.09404740482568741 8.780000000000001
879 -0.0366608053445816 8.790000000000001
880 0.02671797014772892 8.800000000000001
881 0.07118284702301025 8.81
882 0.07391815632581711 8.82
883 0.03583966195583344 8.830000000000002
884 -0.02353676781058311 8.840000000000002
885 -0.08215817809104919 8.850000000000001
886 -0.1252529472112656 8.860000000000001
887 -0.1487562656402588 8.870000000000001
888 -0.1554239839315414 8.880000000000001
889 -0.1449329555034637 8.890000000000001
890 -0.1160115376114845 8.9
891 -0.06717038154602051 8.91
892 -0.004353252705186605 8.920000000000002
893 0.05225063115358353 8.930000000000001
894 0.0783003568649292 8.940000000000001
895 0.05912568420171738 8.950000000000001
896 0.007523832377046347 8.960000000000001
897 -0.05388513579964638 8.970000000000001
898 -0.1058421432971954 8.98
899 -0.139362171292305 8.99
900 -0.1542510688304901 9.000000000000002
901 -0.1524246037006378 9.010000000000002
902 -0.1327517032623291 9.020000000000001
903 -0.0938100591301918 9.030000000000001
904 -0.03636141866445541 9.040000000000001
905 0.02699207700788975 9.050000000000001
906 0.07132291048765182 9.06
907 0.07383620738983154 9.07
908 0.03559538349509239 9.080000000000002
909 -0.02383425459265709 9.090000000000002
910 -0.08240951597690582 9.100000000000001
911 -0.1254140883684158 9.110000000000001
912 -0.1488221138715744 9.120000000000001
913 -0.1554148197174072 9.130000000000001
914 -0.1448373049497604 9.140000000000001
915 -0.1158214658498764 9.15
916 -0.06689190864562988 9.16
917 -0.004045088309794664 9.170000000000002
918 0.05245739221572876 9.180000000000001
919 0.07832060754299164 9.190000000000001
920 0.05894352868199348 9.200000000000001
921 0.00724074337631464 9.210000000000001
922 -0.05417013168334961 9.220000000000001
923 -0.1060509979724884 9.23
924 -0.1394757181406021 9.24
925 -0.1542847603559494 9.250000000000002
926 -0.152369037270546 9.260000000000002
927 -0.1326091140508652 9.270000000000001
928 -0.09357152879238129 9.280000000000001
929 -0.03606190904974937 9.290000000000001
930 0.02727044001221657 9.300000000000001
931 0.07146666944026947 9.31
932 0.07375601679086685 9.32
933 0.03535320237278938 9.330000000000002
934 -0.02412935346364975 9.340000000000002
935 -0.08265873044729233 9.350000000000001
936 -0.1255737245082855 9.360000000000001
937 -0.1488875150680542 9.370000000000001
938 -0.1554046124219894 9.380000000000001
939 -0.144740954041481 9.390000000000001
940 -0.1156299561262131 9.4
941 -0.06661135703325272 9.41
942 -0.003734873840585351 9.420000000000002
943 0.05266638845205307 9.430000000000001
944 0.07834126800298691 9.440000000000001
945 0.05875911563634872 9.450000000000001
946 0.006953894160687923 9.460000000000001
947 -0.05445888265967369 9.470000000000001
948 -0.1062622144818306 9.48
949 -0.1395903825759888 9.49
950 -0.1543192714452744 9.500000000000002
951 -0.1523139029741287 9.510000000000002
952 -0.1324656456708908 9.520000000000001
953 -0.09333078563213348 9.530000000000001
954 -0.03575798124074936 9.540000000000001
955 0.02755357697606087 9.550000000000001
956 0.0716145932674408 9.56
957 0.07367797940969467 9.57
958 0.03511128574609756 9.580000000000002
959 -0.02442567236721516 9.590000000000002
960 -0.08290937542915344 9.600000000000001
961 -0.1257345676422119 9.610000000000001
962 -0.1489538997411728 9.620000000000001
963 -0.1553949266672134 9.630000000000001
964 -0.1446452140808105 9.640000000000001
965 -0.1154382526874542 9.65
966 -0.06633196771144867 9.66
967 -0.003425902687013149 9.670000000000002
968 0.05287506431341171 9.680000000000001
969 0.07836451381444931 9.690000000000001
970 0.05857813358306885 9.700000000000001
971 0.00666761863976717 9.710000000000001
972 -0.05474795773625374 9.720000000000001
973 -0.1064733937382698 9.73
974 -0.139704555273056 9.74
975 -0.1543530970811844 9.750000000000002
976 -0.1522590219974518 9.760000000000002
977 -0.1323224157094955 9.770000000000001
978 -0.09308961033821106 9.780000000000001
979 -0.03545118868350983 9.790000000000001
980 0.02783683687448502 9.800000000000001
981 0.07176157832145691 9.81
982 0.07359857857227325 9.82
983 0.03486691415309906 9.830000000000002
984 -0.02472477778792381 9.840000000000002
985 -0.08316205441951752 9.850000000000001
986 -0.1258965134620667 9.860000000000001
987 -0.1490204036235809 9.870000000000001
988 -0.1553853452205658 9.880000000000001
989 -0.1445490568876266 9.890000000000001
990 -0.1152457594871521 9.9
991 -0.06605184078216553 9.91
992 -0.003113698679953814 9.920000000000002
993 0.05308088287711143 9.930000000000001
994 0.07838314026594162 9.940000000000001
995 0.05839121714234352 9.950000000000001
996 0.006376361008733511 9.960000000000001
997 -0.0550401397049427 9.970000000000001
998 -0.1066871136426926 9.98
999 -0.1398190706968307 9.99
1000 -0.15438611805439 10
1001 -0.1522038280963898 10.01
1002 -0.1321803629398346 10.02
1003 -0.0928475484251976 10.03
1004 -0.0351429283618927 10.04
1005 0.02811769768595695 10.05
1006 0.07191053032875061 10.06
1007 0.07352510839700699 10.07
1008 0.03462956845760345 10.08
1009 -0.02501820772886276 10.09
1010 -0.08341105282306671 10.1
1011 -0.1260563731193542 10.11
1012 -0.1490858197212219 10.12
1013 -0.1553753763437271 10.13
