"report-def-0-rfile"
"Time Step" "report-def-0 etc.."
("Time Step" "report-def-0" "flow-time")
0 0 0
1 -0.002689677523449063 0.01
2 -0.005233133677393198 0.02
3 -0.00620207516476512 0.03
4 -0.007059819996356964 0.04
5 -0.007751578465104103 0.05
6 -0.008389349095523357 0.06
7 -0.009035378694534302 0.07000000000000001
8 -0.009707259945571423 0.08
9 -0.01039493642747402 0.09
10 -0.01110384054481983 0.1
11 -0.01184543687850237 0.11
12 -0.01263285987079144 0.12
13 -0.01347553078085184 0.13
14 -0.01437409594655037 0.14
15 -0.01530318614095449 0.15
16 -0.01627239398658276 0.16
17 -0.0172381829470396 0.17
18 -0.01818778738379478 0.18
19 -0.01910481043159962 0.19
20 -0.01997681520879269 0.2
21 -0.02079354412853718 0.21
22 -0.02154923230409622 0.22
23 -0.0222440380603075 0.23
24 -0.02285688742995262 0.24
25 -0.02341103181242943 0.25
26 -0.02391927316784859 0.26
27 -0.02439088001847267 0.27
28 -0.02459550648927689 0.28
29 -0.02494307607412338 0.29
30 -0.02510685473680496 0.3
31 -0.02540658973157406 0.31
32 -0.02553907409310341 0.32
33 -0.02577943727374077 0.33
34 -0.02587624080479145 0.34
35 -0.02594969607889652 0.35
36 -0.026089858263731 0.36
37 -0.02613906376063824 0.37
38 -0.0262300930917263 0.38
39 -0.02624749019742012 0.39
40 -0.02625363692641258 0.4
41 -0.02630205452442169 0.41
42 -0.0262939315289259 0.42
43 -0.02627468667924404 0.43
44 -0.026248499751091 0.44
45 -0.02624654769897461 0.45
46 -0.0262012891471386 0.46
47 -0.0261481236666441 0.47
48 -0.02608669735491276 0.48
49 -0.02601824328303337 0.49
50 -0.02594230137765408 0.5
51 -0.02584369480609894 0.51
52 -0.02574296481907368 0.52
53 -0.0256422720849514 0.53
54 -0.02553595788776875 0.54
55 -0.02542327530682087 0.55
56 -0.02530471421778202 0.5600000000000001
57 -0.02518253959715366 0.5700000000000001
58 -0.02505461685359478 0.58
59 -0.02492087893188 0.59
60 -0.02477947622537613 0.6
61 -0.0246320441365242 0.61
62 -0.02447766810655594 0.62
63 -0.02431955561041832 0.63
64 -0.02415582910180092 0.64
65 -0.0239878986030817 0.65
66 -0.02381487376987934 0.66
67 -0.02363809943199158 0.67
68 -0.02345838397741318 0.68
69 -0.02327612973749638 0.6900000000000001
70 -0.02309102565050125 0.7000000000000001
71 -0.02290356904268265 0.71
72 -0.02271368913352489 0.72
73 -0.02252109162509441 0.73
74 -0.02232580631971359 0.74
75 -0.02212801389396191 0.75
76 -0.02192794345319271 0.76
77 -0.02172561921179295 0.77
78 -0.02152139507234097 0.78
79 -0.02131522819399834 0.79
80 -0.02110732160508633 0.8
81 -0.02089789137244225 0.8100000000000001
82 -0.02068685740232468 0.8200000000000001
83 -0.02047423459589481 0.8300000000000001
84 -0.0202600471675396 0.84
85 -0.02004429139196873 0.85
86 -0.0198269747197628 0.86
87 -0.01960810273885727 0.87
88 -0.01938784308731556 0.88
89 -0.01916632987558842 0.89
90 -0.01894356310367584 0.9
91 -0.0187196172773838 0.91
92 -0.01849457807838917 0.92
93 -0.01826855354011059 0.93
94 -0.01804180629551411 0.9400000000000001
95 -0.01781459525227547 0.9500000000000001
96 -0.01758719049394131 0.96
97 -0.01735980994999409 0.97
98 -0.01713252253830433 0.98
99 -0.016905527561903 0.99
100 -0.01667925901710987 1
101 -0.01645389012992382 1.01
102 -0.01622941717505455 1.02
103 -0.01600575819611549 1.03
104 -0.01578276790678501 1.04
105 -0.01556032616645098 1.05
106 -0.01533851120620966 1.06
107 -0.01511729601770639 1.07
108 -0.01489659491926432 1.08
109 -0.0146764200180769 1.09
110 -0.01445683185011148 1.1
111 -0.01423793658614159 1.11
112 -0.01401982549577951 1.12
113 -0.01380273047834635 1.13
114 -0.01358686480671167 1.14
115 -0.01337238866835833 1.15
116 -0.01315946690738201 1.16
117 -0.01294815260916948 1.17
118 -0.01273853983730078 1.18
119 -0.01253056060522795 1.19
120 -0.01232464052736759 1.2
121 -0.01212036516517401 1.21
122 -0.01191824674606323 1.22
123 -0.01171858701854944 1.23
124 -0.01152048353105783 1.24
125 -0.01132445503026247 1.25
126 -0.01113041117787361 1.26
127 -0.01093830540776253 1.27
128 -0.01074810419231653 1.28
129 -0.01055979914963245 1.29
130 -0.01037341263145208 1.3
131 -0.01018896605819464 1.31
132 -0.01000639889389277 1.32
133 -0.009825645014643669 1.33
134 -0.009646747261285782 1.34
135 -0.009469836950302124 1.35
136 -0.00929516926407814 1.36
137 -0.009122743271291256 1.37
138 -0.008952598087489605 1.38
139 -0.008784775622189045 1.39
140 -0.008619287982583046 1.4
141 -0.008456089533865452 1.41
142 -0.00829516164958477 1.42
143 -0.008136509917676449 1.43
144 -0.007980113849043846 1.44
145 -0.007825986482203007 1.45
146 -0.007674132008105516 1.46
147 -0.007524554617702961 1.47
148 -0.007377247326076031 1.48
149 -0.007232164032757282 1.49
150 -0.007089278195053339 1.5
151 -0.006948635447770357 1.51
152 -0.006810286082327366 1.52
153 -0.006674280390143394 1.53
154 -0.006540658883750439 1.54
155 -0.006409444846212864 1.55
156 -0.006280629895627499 1.56
157 -0.00615418516099453 1.57
158 -0.006030057556927204 1.58
159 -0.00590817304328084 1.59
160 -0.005788530223071575 1.6
161 -0.005671096965670586 1.61
162 -0.005555796902626753 1.62
163 -0.00544253783300519 1.63
164 -0.005331231746822596 1.64
165 -0.005221814382821321 1.65
166 -0.005114235915243626 1.66
167 -0.005008502397686243 1.67
168 -0.004904649686068296 1.68
169 -0.004802723880857229 1.69
170 -0.004702761303633451 1.7
171 -0.004604783840477467 1.71
172 -0.004508815240114927 1.72
173 -0.004414860159158707 1.73
174 -0.004322915803641081 1.74
175 -0.004232967738062143 1.75
176 -0.004144995473325253 1.76
177 -0.004058961290866137 1.77
178 -0.003974827006459236 1.78
179 -0.003892548615112901 1.79
180 -0.003812030656263232 1.8
181 -0.00373317813500762 1.81
182 -0.003655918873846531 1.82
183 -0.003580200951546431 1.83
184 -0.00350603275001049 1.84
185 -0.003433437319472432 1.85
186 -0.003362396964803338 1.86
187 -0.00329286465421319 1.87
188 -0.003224771237000823 1.88
189 -0.003158045466989279 1.89
190 -0.003092627273872495 1.9
191 -0.003028466831892729 1.91
192 -0.002965525491163135 1.92
193 -0.00290377507917583 1.93
194 -0.002843195339664817 1.94
195 -0.002783769741654396 1.95
196 -0.002725482452660799 1.96
197 -0.00266836560331285 1.97
198 -0.002612426411360502 1.98
199 -0.002557635540142655 1.99
200 -0.002503959927707911 2
201 -0.002451391192153096 2.01
202 -0.002399907913058996 2.02
203 -0.002349486108869314 2.03
204 -0.002300110412761569 2.04
205 -0.00225179735571146 2.05
206 -0.002204564632847905 2.06
207 -0.00215838709846139 2.07
208 -0.002113245893269777 2.08
209 -0.002069119364023209 2.09
210 -0.002025937894359231 2.1
211 -0.001983663765713573 2.11
212 -0.001942274277098477 2.12
213 -0.001901748240925372 2.13
214 -0.001862062723375857 2.14
215 -0.001823191531002522 2.15
216 -0.001785104279406369 2.16
217 -0.001747778034768999 2.17
218 -0.001711190096102655 2.18
219 -0.00167530938051641 2.19
220 -0.001640096656046808 2.2
221 -0.001605513389222324 2.21
222 -0.001571515342220664 2.22
223 -0.001538069918751717 2.23
224 -0.001505146035924554 2.24
225 -0.001472712610848248 2.25
226 -0.001440737280063331 2.26
227 -0.001409203046932817 2.27
228 -0.001378075801767409 2.28
229 -0.001347361132502556 2.29
230 -0.001317064044997096 2.3
231 -0.001287185121327639 2.31
232 -0.001257720636203885 2.32
233 -0.001228663837537169 2.33
234 -0.001200008089654148 2.34
235 -0.001171739888377488 2.35
236 -0.00114384142216295 2.36
237 -0.001116294646635652 2.37
238 -0.001089080004021525 2.38
239 -0.001062181429006159 2.39
240 -0.001035575638525188 2.4
241 -0.001009241212159395 2.41
242 -0.0009831758216023445 2.42
243 -0.0009573860443197191 2.43
244 -0.0009318692609667778 2.44
245 -0.0009066221537068486 2.45
246 -0.0008816426270641387 2.46
247 -0.0008569342317059636 2.47
248 -0.000832499994430691 2.48
249 -0.0008083424181677401 2.49
250 -0.0007844465435482562 2.5
251 -0.0007607945590279996 2.51
252 -0.0007373780244961381 2.52
253 -0.0007141933892853558 2.53
254 -0.0006912361714057624 2.54
255 -0.0006684971740469337 2.55
256 -0.0006459803553298116 2.56
257 -0.0006236931658349931 2.57
258 -0.0006016629631631076 2.58
259 -0.0005798953352496028 2.59
260 -0.0005583834717981517 2.6
261 -0.0005371174775063992 2.61
262 -0.0005160878645256162 2.62
263 -0.0004952831077389419 2.63
264 -0.000474694708827883 2.64
265 -0.0004543168761301786 2.65
266 -0.0004341449239291251 2.66
267 -0.0004141760582569987 2.67
268 -0.0003944119089283049 2.68
269 -0.0003748639428522438 2.69
270 -0.0003555437142495066 2.7
271 -0.0003364628355484456 2.71
272 -0.0003176316968165338 2.72
273 -0.0002990614448208362 2.73
274 -0.0002807621494866908 2.74
275 -0.0002627434441819787 2.75
276 -0.0002450110914651304 2.76
277 -0.0002275659062433988 2.77
278 -0.000210413068998605 2.78
279 -0.000193562256754376 2.79
280 -0.0001770170347299427 2.8
281 -0.000160778290592134 2.81
282 -0.0001448462862754241 2.82
283 -0.000129222753457725 2.83
284 -0.0001139117302955128 2.84
285 -9.892280650092289e-05 2.85
286 -8.426662679994479e-05 2.86
287 -6.994802242843434e-05 2.87
288 -5.597093331743963e-05 2.88
289 -4.234095831634477e-05 2.89
290 -2.906069857999682e-05 2.9
291 -1.612365304026753e-05 2.91
292 -3.519010533636902e-06 2.92
293 8.76540070748888e-06 2.93
294 2.074443909805268e-05 2.94
295 3.243034370825626e-05 2.95
296 4.383205305202864e-05 2.96
297 5.495784353115596e-05 2.97
298 6.580758781637996e-05 2.98
299 7.637961971340701e-05 2.99
300 8.667296060593799e-05 3
301 9.668497659731656e-05 3.01
302 0.0001064019888872281 3.02
303 0.0001158189261332154 3.03
304 0.0001249336346518248 3.04
305 0.00013374698755797 3.05
306 0.000142262113513425 3.06
307 0.0001504848041804507 3.07
308 0.0001584236888447776 3.08
309 0.0001660888083279133 3.09
310 0.0001734916004352272 3.1
311 0.0001806436921469867 3.11
312 0.000187556492164731 3.12
313 0.0001942424132721499 3.13
314 0.0002007099683396518 3.14
315 0.0002069659967673942 3.15
316 0.0002130202774424106 3.16
317 0.0002188831276725978 3.17
318 0.0002245674404548481 3.18
319 0.0002300854539498687 3.19
320 0.0002354487223783508 3.2
321 0.0002406682469882071 3.21
322 0.0002457656664773822 3.22
323 0.000250754615990445 3.23
324 0.0002556441468186677 3.24
325 0.0002604415640234947 3.25
326 0.000265155074885115 3.26
327 0.000269794458290562 3.27
328 0.0002743715886026621 3.28
329 0.0002788972633425146 3.29
330 0.0002833816688507795 3.3
331 0.0002878322848118842 3.31
332 0.0002922588319052011 3.32
333 0.0002966718748211861 3.33
334 0.0003010827931575477 3.34
335 0.0003055030829273164 3.35
336 0.0003099429304711521 3.36
337 0.0003144130168948323 3.37
338 0.0003189261769875884 3.38
339 0.0003234974865335971 3.39
340 0.0003281412646174431 3.4
341 0.0003328697348479182 3.41
342 0.000337697594659403 3.42
343 0.0003426411130931228 3.43
344 0.0003477197024039924 3.44
345 0.0003529332170728594 3.45
346 0.0003582942008506507 3.46
347 0.0003638136258814484 3.47
348 0.0003694946062751114 3.48
349 0.0003753689816221595 3.49
350 0.0003814338997472078 3.5
351 0.0003876909322571009 3.51
352 0.0003941493341699243 3.52
353 0.0004008155374322087 3.53
354 0.0004076958866789937 3.54
355 0.000414796668337658 3.55
356 0.0004221232084091753 3.56
357 0.0004296810366213322 3.57
358 0.0004374751006253064 3.58
359 0.000445509038399905 3.59
360 0.0004537858767434955 3.6
361 0.0004623080894816667 3.61
362 0.0004710780049208552 3.62
363 0.0004800973983947188 3.63
364 0.0004893674631603062 3.64
365 0.0004988886066712439 3.65
366 0.000508660392370075 3.66
367 0.000518681772518903 3.67
368 0.0005289497203193605 3.68
369 0.0005394617328420281 3.69
370 0.0005502153071574867 3.7
371 0.0005612072418443859 3.71
372 0.0005724341026507318 3.72
373 0.0005838911747559905 3.73
374 0.000595573044847697 3.74
375 0.0006074736593291163 3.75
376 0.0006195864989422262 3.76
377 0.000631904520560056 3.77
378 0.0006444202153943479 3.78
379 0.000657124794088304 3.79
380 0.000670009118039161 3.8
381 0.000683063524775207 3.81
382 0.000696277420502156 3.82
383 0.0007096400368027389 3.83
384 0.0007231401395983994 3.84
385 0.0007367662037722766 3.85
386 0.0007505056564696133 3.86
387 0.0007643458084203303 3.87
388 0.0007782730972394347 3.88
389 0.0007922735530883074 3.89
390 0.0008063318091444671 3.9
391 0.0008204302284866571 3.91
392 0.0008345546666532755 3.92
393 0.000848692434374243 3.93
394 0.0008628286886960268 3.94
395 0.0008769476553425193 3.95
396 0.0008910333854146302 3.96
397 0.0009050688240677118 3.97
398 0.0009190374985337257 3.98
399 0.0009329232852905989 3.99
400 0.0009467092459090054 4
401 0.0009603787329979241 4.01
402 0.0009739160304889083 4.02
403 0.0009873053058981895 4.03
404 0.001000530552119017 4.04
405 0.001013574656099081 4.05
406 0.001026422018185258 4.06
407 0.001039056805893779 4.07
408 0.001051463070325553 4.08
409 0.001063625328242779 4.09
410 0.001075527514331043 4.1
411 0.001087154494598508 4.11
412 0.001098492299206555 4.12
413 0.001109525794163346 4.13
414 0.001120241242460907 4.14
415 0.001130625139921904 4.15
416 0.001140663982369006 4.16
417 0.00115034484770149 4.17
418 0.001159655977971852 4.18
419 0.001168586197309196 4.19
420 0.001177124213427305 4.2
421 0.001185259665362537 4.21
422 0.001192983938381076 4.22
423 0.001200288068503141 4.23
424 0.001207160530611873 4.24
425 0.001213594805449247 4.25
426 0.001219585537910461 4.26
427 0.001225127838551998 4.27
428 0.001230218564160168 4.28
429 0.001234854571521282 4.29
430 0.0012390345800668 4.3
431 0.001242756959982216 4.31
432 0.001246022060513496 4.32
433 0.0012488286010921 4.33
434 0.001251176465302706 4.34
435 0.001253067050129175 4.35
436 0.001254502800293267 4.36
437 0.001255489187315106 4.37
438 0.001256029237993062 4.38
439 0.001256126794032753 4.39
440 0.001255784649401903 4.4
441 0.001255008392035961 4.41
442 0.00125380395911634 4.42
443 0.001252179965376854 4.43
444 0.00125014572404325 4.44
445 0.001247714157216251 4.45
446 0.001244901679456234 4.46
447 0.001241723191924393 4.47
448 0.001238194876350462 4.48
449 0.001234333263710141 4.49
450 0.001230154535733163 4.5
451 0.001225675456225872 4.51
452 0.001220912206918001 4.52
453 0.001215882948599756 4.53
454 0.001210607122629881 4.54
455 0.001205103821121156 4.55
456 0.001199393416754901 4.56
457 0.001193494768813252 4.57
458 0.00118742766790092 4.58
459 0.001181212137453258 4.59
460 0.001174817094579339 4.6
461 0.001168407266959548 4.61
462 0.001161810592748225 4.62
463 0.001155243720859289 4.63
464 0.001148532726801932 4.64
465 0.00114190042950213 4.65
466 0.001135173719376326 4.66
467 0.001128522329963744 4.67
468 0.00112192751839757 4.68
469 0.00111541582737118 4.69
470 0.001109014381654561 4.7
471 0.001102800597436726 4.71
472 0.001096651540137827 4.72
473 0.001090774196200073 4.73
474 0.001085060997866094 4.74
475 0.001079572248272598 4.75
476 0.001074330299161375 4.76
477 0.001069358899258077 4.77
478 0.001064680516719818 4.78
479 0.001060317852534354 4.79
480 0.001056292676366866 4.8
481 0.001052627223543823 4.81
482 0.001049343147315085 4.82
483 0.001046461053192616 4.83
484 0.001044001546688378 4.84
485 0.001041983021423221 4.85
486 0.001040422590449452 4.86
487 0.001039336551912129 4.87
488 0.00103874015621841 4.88
489 0.001038648071698844 4.89
490 0.001039075315929949 4.9
491 0.001040034811012447 4.91
492 0.001041535986587405 4.92
493 0.001043588388711214 4.93
494 0.001046222751028836 4.94
495 0.00104941101744771 4.95
496 0.001053207786753774 4.96
497 0.001057571033015847 4.97
498 0.001062509487383068 4.98
499 0.001068088808096945 4.99
500 0.001074241357855499 5
501 0.001081000780686736 5.01
502 0.001088365446776152 5.02
503 0.001096334890462458 5.03
504 0.001104906783439219 5.04
505 0.001114078098908067 5.05
506 0.001123843714594841 5.06
507 0.001134197460487485 5.07
508 0.001145130838267505 5.08
509 0.001156635000370443 5.09
510 0.00116870051715523 5.1
511 0.001181314582936466 5.11
512 0.001194468350149691 5.12
513 0.001208139467053115 5.13
514 0.001222295104525983 5.14
515 0.001236937008798122 5.15
516 0.001252020592801273 5.16
517 0.001267562038265169 5.17
518 0.00128351291641593 5.18
519 0.001299858326092362 5.19
520 0.001316575217060745 5.2
521 0.001333640888333321 5.21
522 0.00135103368666023 5.220000000000001
523 0.001368729746900499 5.23
524 0.001386705320328474 5.24
525 0.001404935144819319 5.25
526 0.001423389068804681 5.26
527 0.001442036009393632 5.27
528 0.001460844650864601 5.279999999999999
529 0.001479779719375074 5.29
530 0.001498804544098675 5.3
531 0.00151788059156388 5.31
532 0.001536971540190279 5.32
533 0.001556042465381324 5.33
534 0.001575069851242006 5.34
535 0.001593950903043151 5.35
536 0.001612765714526176 5.359999999999999
537 0.00163135479670018 5.37
538 0.001649854588322341 5.38
539 0.001668081735260785 5.390000000000001
540 0.001685993396677077 5.4
541 0.00170361006166786 5.41
542 0.001720991334877908 5.42
543 0.001737956423312426 5.43
544 0.001754525816068053 5.44
545 0.001770658534951508 5.45
546 0.001786322682164609 5.46
547 0.001801483565941453 5.470000000000001
548 0.001816111616790295 5.48
549 0.001830110792070627 5.49
550 0.00184360274579376 5.5
551 0.001856414950452745 5.51
552 0.00186864985153079 5.52
553 0.001880173222161829 5.529999999999999
554 0.001890941755846143 5.54
555 0.001901076175272465 5.55
556 0.001910427701659501 5.56
557 0.001918959198519588 5.57
558 0.001926748431287706 5.58
559 0.001933695981279016 5.59
560 0.001939794514328241 5.6
561 0.001945029594935477 5.609999999999999
562 0.001949383527971804 5.62
563 0.001952841528691351 5.63
564 0.001955392537638545 5.640000000000001
565 0.001957028172910213 5.65
566 0.001957731787115335 5.66
567 0.001957490807399154 5.67
568 0.00195629894733429 5.68
569 0.00195415411144495 5.69
570 0.001951056416146457 5.7
571 0.001947016222402453 5.71
572 0.001942041562870145 5.720000000000001
573 0.001936139306053519 5.73
574 0.00192931795027107 5.74
575 0.001921587157994509 5.75
576 0.001912956358864903 5.76
577 0.001903439057059586 5.77
578 0.001893055276013911 5.779999999999999
579 0.001881782314740121 5.79
580 0.001869728439487517 5.8
581 0.00185683008749038 5.81
582 0.00184313440695405 5.82
583 0.001828659093007445 5.83
584 0.001813424052670598 5.84
585 0.00179745489731431 5.85
586 0.001780783757567406 5.859999999999999
587 0.001763446140103042 5.87
588 0.00174548604991287 5.88
589 0.001726942951790988 5.890000000000001
590 0.001707850955426693 5.9
591 0.001688245916739106 5.91
592 0.001668161596171558 5.92
593 0.001647633849643171 5.93
594 0.001626704121008515 5.94
595 0.001605417113751173 5.95
596 0.001583819277584553 5.96
597 0.001561958692036569 5.970000000000001
598 0.001539861550554633 5.98
599 0.0015175900189206 5.99
600 0.001495243748649955 6
601 0.0014728280948475 6.01
602 0.001450393348932266 6.02
603 0.001428024377673864 6.029999999999999
604 0.00140576483681798 6.04
605 0.00138366234023124 6.05
606 0.001361766480840743 6.06
607 0.001340127666480839 6.07
608 0.001318796537816525 6.08
609 0.001297822571359575 6.09
610 0.001277256524190307 6.1
611 0.001257148222066462 6.109999999999999
612 0.001237544929608703 6.12
613 0.001218506949953735 6.13
614 0.001200087601318955 6.140000000000001
615 0.001182333915494382 6.15
616 0.001165290363132954 6.16
617 0.001149006653577089 6.17
618 0.001133523881435394 6.18
619 0.001118876622058451 6.19
620 0.001105165807530284 6.2
621 0.001092354184947908 6.21
622 0.001080492627806962 6.220000000000001
623 0.001069622812792659 6.23
624 0.001059799455106258 6.24
625 0.001051041879691184 6.25
626 0.001043389900587499 6.26
627 0.001036867848597467 6.27
628 0.001031506690196693 6.28
629 0.001027336111292243 6.29
630 0.001024386961944401 6.3
631 0.001022685086354613 6.31
632 0.001022252719849348 6.32
633 0.00102310860529542 6.33
634 0.001025270204991102 6.34
635 0.001028752652928233 6.35
636 0.001033568405546248 6.359999999999999
637 0.001039726077578962 6.37
638 0.001047230209223926 6.38
639 0.001056085573509336 6.390000000000001
640 0.001066289492882788 6.4
641 0.001077839056961238 6.41
642 0.001090735429897904 6.42
643 0.001104974187910557 6.43
644 0.001120539731346071 6.44
645 0.001137412502430379 6.45
646 0.001155614270828664 6.46
647 0.001175030949525535 6.470000000000001
648 0.001195759046822786 6.48
649 0.001217700191773474 6.49
650 0.001240840763784945 6.5
651 0.001265150727704167 6.51
652 0.001290554413571954 6.52
653 0.001317056827247143 6.53
654 0.001344620832242072 6.54
655 0.001373200910165906 6.55
656 0.001402753521688282 6.56
657 0.001433229073882103 6.57
658 0.001464570639654994 6.58
659 0.001496726414188743 6.59
660 0.001529646338894963 6.6
661 0.001563276047818363 6.609999999999999
662 0.001597552094608545 6.62
663 0.001632439321838319 6.63
664 0.001667818985879421 6.640000000000001
665 0.001703629968687892 6.65
666 0.001739801373332739 6.66
667 0.001776257529854774 6.67
668 0.001812931732274592 6.68
669 0.001849741558544338 6.69
670 0.001886631478555501 6.7
671 0.001923512318171561 6.71
672 0.00196035229600966 6.720000000000001
673 0.001997045939788222 6.73
674 0.002033598255366087 6.74
675 0.002069854410365224 6.75
676 0.002105738501995802 6.76
677 0.002141171367838979 6.77
678 0.002176072681322694 6.78
679 0.002210356760770082 6.79
680 0.002243925118818879 6.8
681 0.002276666695252061 6.81
682 0.002308628056198359 6.82
683 0.00233964086510241 6.83
684 0.002369640860706568 6.84
685 0.002398557495325804 6.85
686 0.002426329767331481 6.859999999999999
687 0.002452895743772388 6.87
688 0.002478109207004309 6.88
689 0.002501996932551265 6.890000000000001
690 0.002524485345929861 6.9
691 0.002545509953051805 6.91
692 0.002565003000199795 6.92
693 0.002582909539341927 6.93
694 0.002599180908873677 6.94
695 0.002613764721900225 6.95
696 0.00262660626322031 6.96
697 0.002637642901390791 6.970000000000001
698 0.002646820386871696 6.98
699 0.0026540900580585 6.99
700 0.002659418154507875 7
701 0.00266277464106679 7.01
702 0.002664137631654739 7.02
703 0.002663482446223497 7.03
704 0.002660794882103801 7.04
705 0.002656060038134456 7.05
706 0.00264925672672689 7.06
707 0.002640426391735673 7.07
708 0.002629554597660899 7.08
709 0.002616624580696225 7.09
710 0.002601631218567491 7.1
711 0.002584565430879593 7.109999999999999
712 0.00256542325951159 7.12
713 0.002544232876971364 7.13
714 0.002521022222936153 7.140000000000001
715 0.002495849970728159 7.15
716 0.002468749647960067 7.16
717 0.002439771313220263 7.17
718 0.002408954547718167 7.18
719 0.002376348711550236 7.19
720 0.002341986168175936 7.2
721 0.002305910689756274 7.21
722 0.002268174663186073 7.22
723 0.002228826750069857 7.23
724 0.002187936566770077 7.24
725 0.002145569073036313 7.25
726 0.002101794118061662 7.26
727 0.002056692726910114 7.27
728 0.002010357100516558 7.28
729 0.001962817506864667 7.29
730 0.001914256368763745 7.3
731 0.001864569843746722 7.31
732 0.001814125454984605 7.32
733 0.001762768835760653 7.33
734 0.001710849464870989 7.34
735 0.001658255467191339 7.35
736 0.00160518882330507 7.36
737 0.001551789348013699 7.37
738 0.001498151919804513 7.38
739 0.001444380846805871 7.39
740 0.00139058125205338 7.4
741 0.001336846384219825 7.41
742 0.001283284858800471 7.42
743 0.001229996443726122 7.43
744 0.001177082071080804 7.44
745 0.001124646165408194 7.45
746 0.001072797924280167 7.46
747 0.001021656207740307 7.47
748 0.0009713259059935808 7.48
749 0.0009219638304784894 7.49
750 0.0008736622985452414 7.5
751 0.0008265322539955378 7.51
752 0.0007806894136592746 7.52
753 0.0007362500764429569 7.53
754 0.0006933301920071244 7.54
755 0.0006520350580103695 7.55
756 0.0006124681094661355 7.56
757 0.0005747333052568138 7.57
758 0.0005389252328313887 7.58
759 0.0005051451153121889 7.59
760 0.0004734880931209773 7.6
761 0.0004440468910615891 7.61
762 0.0004169261956121773 7.62
763 0.0003921824099961668 7.63
764 0.0003698205400723964 7.64
765 0.000350137910572812 7.65
766 0.0003329960454721004 7.66
767 0.0003184585657436401 7.67
768 0.0003065733471885324 7.68
769 0.0002973950176965445 7.69
770 0.0002909692411776632 7.7
771 0.0002873383637052029 7.71
772 0.0002866559952963144 7.72
773 0.0002885831927414984 7.73
774 0.0002937031094916165 7.74
775 0.0003015642869286239 7.75
776 0.0003125359944533557 7.76
777 0.0003264791157562286 7.77
778 0.0003434129757806659 7.78
779 0.0003633328014984727 7.79
780 0.0003863338497467339 7.8
781 0.0004121254605706781 7.81
782 0.0004411020781844854 7.82
783 0.0004728425992652774 7.83
784 0.0005076853558421135 7.84
785 0.0005452072364278138 7.85
786 0.0005857367068529129 7.86
787 0.000654892239253968 7.87
788 0.0007075754110701382 7.88
789 0.0007590925088152289 7.89
790 0.0008123968145810068 7.9
791 0.0008679688908159733 7.91
792 0.0009608532418496907 7.92
793 0.001029068138450384 7.93
794 0.001094059669412673 7.94
795 0.001159924548119307 7.95
796 0.001227369415573776 7.96
797 0.001338622299954295 7.97
798 0.001418287050910294 7.98
799 0.001492918352596462 7.99
800 0.001567562110722065 8
801 0.001689307857304811 8.01
802 0.001774919917806983 8.02
803 0.001854005851782858 8.030000000000001
804 0.0019803112372756 8.039999999999999
805 0.002067844616249204 8.050000000000001
806 0.002147869439795613 8.06
807 0.002274514175951481 8.07
808 0.002361198188737035 8.08
809 0.002439627423882484 8.09
810 0.002562828594818711 8.1
811 0.002645928645506501 8.109999999999999
812 0.002766314661130309 8.120000000000001
813 0.002845319919288158 8.129999999999999
814 0.002958454191684723 8.140000000000001
815 0.003031610744073987 8.15
816 0.003135518403723836 8.16
817 0.003201536368578672 8.17
818 0.00329391029663384 8.18
819 0.003351178718730807 8.190000000000001
820 0.003429729957133532 8.199999999999999
821 0.003476937999948859 8.210000000000001
822 0.003539893077686429 8.219999999999999
823 0.003576024435460567 8.23
824 0.003622120944783092 8.24
825 0.003646215191110969 8.25
826 0.003673662431538105 8.26
827 0.003684629919007421 8.27
828 0.00369291054084897 8.280000000000001
829 0.003689822508022189 8.289999999999999
830 0.003676587250083685 8.300000000000001
831 0.00365925207734108 8.31
832 0.003624097676947713 8.32
833 0.003592115128412843 8.33
834 0.003536739153787494 8.34
835 0.003490826580673456 8.35
836 0.003412488382309675 8.359999999999999
837 0.003352297004312277 8.370000000000001
838 0.003252221271395683 8.379999999999999
839 0.003178077284246683 8.390000000000001
840 0.003057628404349089 8.4
841 0.002970580710098147 8.41
842 0.00283072842285037 8.42
843 0.002731569344177842 8.43
844 0.002574014011770487 8.440000000000001
845 0.002464009448885918 8.449999999999999
846 0.002290948992595077 8.460000000000001
847 0.00217168522067368 8.469999999999999
848 0.001985513139516115 8.48
849 0.001858678995631635 8.49
850 0.001662039896473289 8.5
851 0.001529301982372999 8.51
852 0.001324818935245275 8.52
853 0.001188355265185237 8.530000000000001
854 0.0009794055949896574 8.539999999999999
855 0.0008411920280195773 8.550000000000001
856 0.0006307105650193989 8.56
857 0.0004927488043904305 8.57
858 0.0002839377848431468 8.58
859 0.0001486543915234506 8.59
860 -5.466567381517962e-05 8.6
861 -0.000184852586244233 8.609999999999999
862 -0.0003834629314951599 8.620000000000001
863 -0.0005071652121841908 8.629999999999999
864 -0.0006934860721230507 8.639999999999999
865 -0.0008075051591731608 8.649999999999999
866 -0.0009776735678315163 8.659999999999998
867 -0.00107994640711695 8.669999999999998
868 -0.001230778289027512 8.68
869 -0.001319409930147231 8.69
870 -0.001448060269467533 8.699999999999999
871 -0.001521172001957893 8.709999999999999
872 -0.001624631811864674 8.719999999999999
873 -0.001680493936873972 8.729999999999999
874 -0.001756637124344707 8.739999999999998
875 -0.001794007257558405 8.749999999999998
876 -0.001840693294070661 8.76
877 -0.001858329400420189 8.77
878 -0.001873579574748874 8.779999999999999
879 -0.001870427979156375 8.789999999999999
880 -0.001852945308201015 8.799999999999999
881 -0.001828402862884104 8.809999999999999
882 -0.001777485245838761 8.819999999999999
883 -0.001731334021314979 8.829999999999998
884 -0.001646743854507804 8.84
885 -0.001579082803800702 8.85
886 -0.001461247797124088 8.859999999999999
887 -0.001372576225548983 8.869999999999999
888 -0.001222445745952427 8.879999999999999
889 -0.001113813021220267 8.889999999999999
890 -0.0009335705544799566 8.899999999999999
891 -0.0008064695284701884 8.909999999999998
892 -0.0005983568262308836 8.919999999999998
893 -0.0004545169649645686 8.93
894 -0.0002216699067503214 8.94
895 5.210548260947689e-05 8.949999999999999
896 0.0002237474836874753 8.959999999999999
897 0.0004914880846627057 8.969999999999999
898 0.0007984662661328912 8.979999999999999
899 0.001123004243709147 8.989999999999998
900 0.001456279773265123 8.999999999999998
901 0.001794772688299417 9.01
902 0.002134808339178562 9.02
903 0.002472361782565713 9.029999999999999
904 0.00280372379347682 9.039999999999999
905 0.003125375369563699 9.049999999999999
906 0.00343361240811646 9.059999999999999
907 0.00372469681315124 9.069999999999999
908 0.003995404113084078 9.079999999999998
909 0.004245763644576073 9.09
910 0.004468060564249754 9.1
911 0.004663522820919752 9.109999999999999
912 0.004825465381145477 9.119999999999999
913 0.00495520792901516 9.129999999999999
914 0.005050037056207657 9.139999999999999
915 0.005108566954731941 9.149999999999999
916 0.005126671399921179 9.159999999999998
917 0.005103576928377151 9.169999999999998
918 0.005039180163294077 9.18
919 0.004932466894388199 9.19
920 0.004783999640494585 9.199999999999999
921 0.00459648109972477 9.209999999999999
922 0.004370986949652433 9.219999999999999
923 0.004104604013264179 9.229999999999999
924 0.003800268517807126 9.239999999999998
925 0.00346056092530489 9.249999999999998
926 0.003088869852945209 9.26
927 0.002688352018594742 9.27
928 0.002259938511997461 9.279999999999999
929 0.001802666112780571 9.289999999999999
930 0.001320240669883788 9.299999999999999
931 0.0008203443721868098 9.309999999999999
932 0.0003069289959967136 9.319999999999999
933 -0.0002167011552955955 9.329999999999998
934 -0.0007481651264242828 9.34
935 -0.00128480268176645 9.35
936 -0.001821800717152655 9.359999999999999
937 -0.002355041448026896 9.369999999999999
938 -0.002878966275602579 9.379999999999999
939 -0.003388727549463511 9.389999999999999
940 -0.003876650473102927 9.399999999999999
941 -0.004335797391831875 9.409999999999998
942 -0.00476806377992034 9.419999999999998
943 -0.005167566705495119 9.43
944 -0.005533163901418447 9.44
945 -0.005857680458575487 9.449999999999999
946 -0.006141042336821556 9.459999999999999
947 -0.006378892809152603 9.469999999999999
948 -0.006566358264535666 9.479999999999999
949 -0.006699337624013424 9.489999999999998
950 -0.006775887217372656 9.499999999999998
951 -0.006793566513806581 9.51
952 -0.006750228814780712 9.52
953 -0.006644715555012226 9.529999999999999
954 -0.006477091927081347 9.539999999999999
955 -0.006248165387660265 9.549999999999999
956 -0.005957535468041897 9.559999999999999
957 -0.00560614001005888 9.569999999999999
958 -0.005197647493332624 9.579999999999998
959 -0.004734505899250507 9.59
960 -0.004219072870910168 9.6
961 -0.003656598273664713 9.609999999999999
962 -0.003053455147892237 9.619999999999999
963 -0.002416444942355156 9.629999999999999
964 -0.001751692499965429 9.639999999999999
965 -0.001066899159923196 9.649999999999999
966 -0.0003712149919010699 9.659999999999998
967 0.0003268906439188868 9.669999999999998
968 0.001020747935399413 9.68
969 0.001701774424873292 9.69
970 0.00236184848472476 9.699999999999999
971 0.002995520364493132 9.709999999999999
972 0.003595233429223299 9.719999999999999
973 0.004153334069997072 9.729999999999999
974 0.004662881605327129 9.739999999999998
975 0.005116013810038567 9.75
976 0.005510254297405481 9.76
977 0.005841054953634739 9.77
978 0.00610334100201726 9.779999999999999
979 0.006287525407969952 9.789999999999999
980 0.006390896160155535 9.799999999999999
981 0.006415199022740126 9.809999999999999
982 0.006360223982483149 9.819999999999999
983 0.006220459938049316 9.829999999999998
984 0.005997471045702696 9.84
985 0.005691890139132738 9.85
986 0.005309580359607935 9.859999999999999
987 0.004855010192841291 9.869999999999999
988 0.004329695831984282 9.879999999999999
989 0.003735743695870042 9.889999999999999
990 0.003077745903283358 9.899999999999999
991 0.002361553255468607 9.909999999999998
992 0.001593338209204376 9.919999999999998
993 0.0007796421996317804 9.93
994 -7.142867980292067e-05 9.94
995 -0.0009532994590699673 9.949999999999999
996 -0.001859118579886854 9.959999999999999
997 -0.002781742485240102 9.969999999999999
998 -0.003716710954904556 9.979999999999999
999 -0.004654510412365198 9.989999999999998
1000 -0.005597283132374287 10
1001 -0.006549112964421511 10.01
1002 -0.007487287279218435 10.02
1003 -0.008402338251471519 10.03
1004 -0.009282494895160198 10.04
1005 -0.01010926347225904 10.05
1006 -0.01087495032697916 10.06
1007 -0.0115766953676939 10.07
1008 -0.01221166923642159 10.08
1009 -0.01275320257991552 10.09
1010 -0.01320909429341555 10.1
1011 -0.01357903610914946 10.11
1012 -0.01385898422449827 10.12
1013 -0.01404326874762774 10.13
1014 -0.01412558276206255 10.14
1015 -0.01410098187625408 10.15
1016 -0.01396503113210201 10.16
1017 -0.01371307391673326 10.17
1018 -0.01334486622363329 10.18
1019 -0.01286269631236792 10.19
1020 -0.01226677652448416 10.2
1021 -0.0115619720891118 10.21
1022 -0.01075490936636925 10.22
1023 -0.009858164936304092 10.23
1024 -0.008882650174200535 10.24
1025 -0.007838305085897446 10.25
1026 -0.006738751661032438 10.26
1027 -0.005594503600150347 10.27
1028 -0.004422562662512064 10.28
1029 -0.003238576464354992 10.29
1030 -0.002059052232652903 10.3
1031 -0.0008960682316683233 10.31
1032 0.0002372100716456771 10.32
1033 0.001326589495874941 10.33
1034 0.002355062868446112 10.34
1035 0.00330662215128541 10.35
1036 0.004169422667473555 10.36
1037 0.004931674338877201 10.37
1038 0.005593574605882168 10.38
1039 0.006140326615422964 10.39
1040 0.00655701756477356 10.4
1041 0.006856512743979692 10.41
1042 0.007029475644230843 10.42
1043 0.007061081007122993 10.43
1044 0.006947401911020279 10.44
1045 0.006688250228762627 10.45
1046 0.006290012039244175 10.46
1047 0.005761096253991127 10.47
1048 0.005108997225761414 10.48
1049 0.004340921062976122 10.49
1050 0.00346508645452559 10.5
1051 0.002489496255293489 10.51
1052 0.00142416765447706 10.52
1053 0.0002787969715427607 10.53
1054 -0.0009342908742837608 10.54
1055 -0.002201311755925417 10.55
1056 -0.003505525412037969 10.56
1057 -0.004835148807615042 10.57
1058 -0.006179110147058964 10.58
1059 -0.007521532475948334 10.59
1060 -0.008848259225487709 10.6
1061 -0.01015694346278906 10.61
1062 -0.01143685076385736 10.62
1063 -0.01267343107610941 10.63
1064 -0.01390168070793152 10.64
1065 -0.01508254930377007 10.65
1066 -0.01619237475097179 10.66
1067 -0.01721284165978432 10.67
1068 -0.01812018640339375 10.68
1069 -0.01890848018229008 10.69
1070 -0.01957815513014793 10.7
1071 -0.02010059729218483 10.71
1072 -0.0204763151705265 10.72
1073 -0.02071273513138294 10.73
1074 -0.02080600522458553 10.74
1075 -0.02074976079165936 10.75
1076 -0.02053931355476379 10.76
1077 -0.0201676394790411 10.77
1078 -0.01963227242231369 10.78
1079 -0.01893256232142448 10.79
1080 -0.01807215996086597 10.8
1081 -0.01705941371619701 10.81
1082 -0.01590558513998985 10.82
1083 -0.01462729834020138 10.83
1084 -0.01323900558054447 10.84
1085 -0.01175771746784449 10.85
1086 -0.01020233426243067 10.86
1087 -0.008595125749707222 10.87
1088 -0.006958671379834414 10.88
1089 -0.005316516850143671 10.89
1090 -0.00368847418576479 10.9
1091 -0.002096378244459629 10.91
1092 -0.0005642491159960628 10.92
1093 0.0008831770974211395 10.93
1094 0.002223067218437791 10.94
1095 0.003435594262555242 10.95
1096 0.004508408717811108 10.96
1097 0.005434881430119276 10.97
1098 0.006187404971569777 10.98
1099 0.006774264853447676 10.99
1100 0.007200722116976976 11
1101 0.007438029628247023 11.01
1102 0.007486932445317507 11.02
1103 0.007332999724894762 11.03
1104 0.006973905023187399 11.04
1105 0.0064220423810184 11.05
1106 0.00569277023896575 11.06
1107 0.004799292888492346 11.07
1108 0.003755069337785244 11.08
1109 0.002574288053438067 11.09
1110 0.001272725639864802 11.1
1111 -0.0001308132195845246 11.11
1112 -0.001617756905034184 11.12
1113 -0.003168533556163311 11.13
1114 -0.004768019542098045 11.14
1115 -0.006403118371963501 11.15
1116 -0.008044113405048847 11.16
1117 -0.009678698144853115 11.17
1118 -0.0112957339733839 11.18
1119 -0.01287669781595469 11.19
1120 -0.01440714113414288 11.2
1121 -0.01588602177798748 11.21
1122 -0.01729218475520611 11.22
1123 -0.01864590495824814 11.23
1124 -0.01993690989911556 11.24
1125 -0.02113124914467335 11.25
1126 -0.02220378816127777 11.26
1127 -0.02312381751835346 11.27
1128 -0.02388005144894123 11.28
1129 -0.02447383664548397 11.29
1130 -0.02487666718661785 11.3
1131 -0.02509217709302902 11.31
1132 -0.02512734197080135 11.32
1133 -0.02498212084174156 11.33
1134 -0.02465474233031273 11.34
1135 -0.02414419129490852 11.35
1136 -0.02344619669020176 11.36
1137 -0.02255864068865776 11.37
1138 -0.02148297987878323 11.38
1139 -0.02022313885390759 11.39
1140 -0.01880007050931454 11.4
1141 -0.01723350025713444 11.41
1142 -0.01554777752608061 11.42
1143 -0.01376351527869701 11.43
1144 -0.01190029829740524 11.44
1145 -0.009979210793972015 11.45
1146 -0.008026262745261192 11.46
1147 -0.006074112839996815 11.47
1148 -0.004149750340729952 11.48
1149 -0.00228361994959414 11.49
1150 -0.0005123773007653654 11.5
1151 0.0011370365973562 11.51
1152 0.002632968593388796 11.52
1153 0.003959739115089178 11.53
1154 0.005108091980218887 11.54
1155 0.006053467746824026 11.55
1156 0.006798909977078438 11.56
1157 0.007350070867687464 11.57
1158 0.00768251670524478 11.58
1159 0.007785291410982609 11.59
1160 0.007640669587999582 11.6
1161 0.007248856592923403 11.61
1162 0.006625096313655376 11.62
1163 0.005794272758066654 11.63
1164 0.004768733866512775 11.64
1165 0.003568457206711173 11.65
1166 0.00221477635204792 11.66
1167 0.0007272348739206791 11.67
1168 -0.0008722356869839132 11.68
1169 -0.002558844862505794 11.69
1170 -0.004307195544242859 11.7
1171 -0.006094967480748892 11.71
1172 -0.007911520078778267 11.72
1173 -0.009738483466207981 11.73
1174 -0.01154822297394276 11.74
1175 -0.01332619599997997 11.75
1176 -0.01505672745406628 11.76
1177 -0.01671922579407692 11.77
1178 -0.01830445230007172 11.78
1179 -0.01980013586580753 11.79
1180 -0.02119733765721321 11.8
1181 -0.02253194153308868 11.81
1182 -0.02375539019703865 11.82
1183 -0.02484011650085449 11.83
1184 -0.02575518190860748 11.84
1185 -0.0264824815094471 11.85
1186 -0.02702265046536922 11.86
1187 -0.02735628001391888 11.87
1188 -0.02747871354222298 11.88
1189 -0.02740074507892132 11.89
1190 -0.0271266270428896 11.9
1191 -0.02665728703141212 11.91
1192 -0.02599044889211655 11.92
1193 -0.02512398920953274 11.93
1194 -0.02405486069619656 11.94
1195 -0.02278750948607922 11.95
1196 -0.021325858309865 11.96
1197 -0.01969139277935028 11.97
1198 -0.01791405119001865 11.98
1199 -0.01601924374699593 11.99
1200 -0.01402996387332678 12
1201 -0.01197221875190735 12.01
1202 -0.009867166168987751 12.02
1203 -0.007740460336208344 12.03
1204 -0.005629795603454113 12.04
1205 -0.003564657410606742 12.05
1206 -0.001585429534316063 12.06
1207 0.0002682588528841734 12.07
1208 0.001962323440238833 12.08
1209 0.003469658317044377 12.09
1210 0.004778059665113688 12.1
1211 0.005863445345312357 12.11
1212 0.006725107319653034 12.12
1213 0.00737526873126626 12.13
1214 0.007790237665176392 12.14
1215 0.007951793260872364 12.15
1216 0.00784185528755188 12.16
1217 0.007460142020136118 12.17
1218 0.006824224255979061 12.18
1219 0.005957269575446844 12.19
1220 0.004878294188529253 12.2
1221 0.003608161816373467 12.21
1222 0.002172819105908275 12.22
1223 0.0005925772711634636 12.23
1224 -0.001104898750782013 12.24
1225 -0.002892396412789822 12.25
1226 -0.004743519704788923 12.26
1227 -0.006633125711232424 12.27
1228 -0.008544000796973705 12.28
1229 -0.0104686701670289 12.29
1230 -0.01237362250685692 12.3
1231 -0.01423957198858261 12.31
1232 -0.01605105772614479 12.32
1233 -0.01778562739491463 12.33
1234 -0.01942662335932255 12.34
1235 -0.02096883021295071 12.35
1236 -0.02239169925451279 12.36
1237 -0.02374661527574062 12.37
1238 -0.02498541958630085 12.38
1239 -0.0260805282741785 12.39
1240 -0.02700098603963852 12.4
1241 -0.02772597037255764 12.41
1242 -0.02825250290334225 12.42
1243 -0.02856929786503315 12.43
1244 -0.02865836769342422 12.44
1245 -0.02853796444833279 12.45
1246 -0.0282141026109457 12.46
1247 -0.02768753841519356 12.47
1248 -0.02695878967642784 12.48
1249 -0.0260236207395792 12.49
1250 -0.02487827464938164 12.5
1251 -0.0235289353877306 12.51
1252 -0.02197940275073051 12.52
1253 -0.0202487874776125 12.53
1254 -0.01837383396923542 12.54
1255 -0.01638168096542358 12.55
1256 -0.01429802644997835 12.56
1257 -0.01214724779129028 12.57
1258 -0.009949922561645508 12.58
1259 -0.007733960635960102 12.59
1260 -0.005537985358387232 12.6
1261 -0.003398024011403322 12.61
1262 -0.001359319314360619 12.62
1263 0.0005403521354310215 12.63
1264 0.002263459144160151 12.64
1265 0.003788097761571407 12.65
1266 0.005094015970826149 12.66
1267 0.006163969170302153 12.67
1268 0.007006037514656782 12.68
1269 0.007609799969941378 12.69
1270 0.007962713018059731 12.7
1271 0.008048789575695992 12.71
1272 0.007846902124583721 12.72
1273 0.007360648363828659 12.73
1274 0.006612116470932961 12.74
1275 0.005630699917674065 12.75
1276 0.004437384195625782 12.76
1277 0.003057818626984954 12.77
1278 0.001515292329713702 12.78
1279 -0.0001647875760681927 12.79
1280 -0.001953256782144308 12.8
1281 -0.003822659607976675 12.81
1282 -0.005746130831539631 12.82
1283 -0.007698054425418377 12.83
1284 -0.009664240293204784 12.84
1285 -0.01163435354828835 12.85
1286 -0.01357252895832062 12.86
1287 -0.01546126790344715 12.87
1288 -0.01728155091404915 12.88
1289 -0.01901059225201607 12.89
1290 -0.02063774131238461 12.9
1291 -0.02215239591896534 12.91
1292 -0.02355015650391579 12.92
1293 -0.02486890554428101 12.93
1294 -0.02605794183909893 12.94
1295 -0.02709174901247025 12.95
1296 -0.0279358197003603 12.96
1297 -0.02857553772628307 12.97
1298 -0.02901246584951878 12.98
1299 -0.02921716868877411 12.99
1300 -0.0292003583163023 13
1301 -0.02897414565086365 13.01
1302 -0.02854089811444283 13.02
1303 -0.02790487557649612 13.03
1304 -0.02706038020551205 13.04
1305 -0.02600568160414696 13.05
1306 -0.02473782002925873 13.06
1307 -0.02326195314526558 13.07
1308 -0.02159107849001884 13.08
1309 -0.01975029893219471 13.09
1310 -0.0177797507494688 13.1
1311 -0.01570182107388973 13.11
1312 -0.01353930495679379 13.12
1313 -0.01131765358150005 13.13
1314 -0.009061709977686405 13.14
1315 -0.006809014827013016 13.15
1316 -0.004592939279973507 13.16
1317 -0.002453167689964175 13.17
1318 -0.000438623916124925 13.18
1319 0.001414919272065163 13.19
1320 0.00306932907551527 13.2
1321 0.004510222468525171 13.21
1322 0.005711785051971674 13.22
1323 0.006670052651315928 13.23
1324 0.007400489877909422 13.24
1325 0.007880291901528835 13.25
1326 0.008092086762189865 13.26
1327 0.008009245619177818 13.27
1328 0.00763233844190836 13.28
1329 0.006983424071222544 13.29
1330 0.006084132473915815 13.3
1331 0.004959911108016968 13.31
1332 0.003632013220340014 13.32
1333 0.002129640895873308 13.33
1334 0.0004760125302709639 13.34
1335 -0.00129788916092366 13.35
1336 -0.003162300679832697 13.36
1337 -0.005092239938676357 13.37
1338 -0.007060347590595484 13.38
1339 -0.009045985527336597 13.39
1340 -0.01104210875928402 13.4
1341 -0.01301955059170723 13.41
1342 -0.01495207753032446 13.42
1343 -0.01682173274457455 13.43
1344 -0.01860553398728371 13.44
1345 -0.02028359845280647 13.45
1346 -0.02185555920004845 13.46
1347 -0.02329920791089535 13.47
1348 -0.02466157823801041 13.48
1349 -0.025907127186656 13.49
1350 -0.02700528502464294 13.5
1351 -0.02792576886713505 13.51
1352 -0.02864435315132141 13.52
1353 -0.0291578508913517 13.53
1354 -0.02945519238710403 13.54
1355 -0.02951444499194622 13.55
1356 -0.02935859747231007 13.56
1357 -0.0289937611669302 13.57
1358 -0.02842165715992451 13.58
1359 -0.02764462307095528 13.59
1360 -0.02665616013109684 13.6
1361 -0.02545192651450634 13.61
1362 -0.02403903007507324 13.62
1363 -0.02242214977741241 13.63
1364 -0.02061964757740498 13.64
1365 -0.01867083087563515 13.65
1366 -0.01660451851785183 13.66
1367 -0.01444883830845356 13.67
1368 -0.012227320112288 13.68
1369 -0.009960778057575226 13.69
1370 -0.007679701782763004 13.7
1371 -0.00542351370677352 13.71
1372 -0.003230622503906488 13.72
1373 -0.001150549738667905 13.73
1374 0.0007793232216499746 13.74
1375 0.00251912628300488 13.75
1376 0.004049262963235378 13.76
1377 0.005345696583390236 13.77
1378 0.006397977937012911 13.78
1379 0.007216029334813356 13.79
1380 0.007785140071064234 13.8
1381 0.008088600821793079 13.81
1382 0.008100437931716442 13.82
1383 0.007813194766640663 13.83
1384 0.007243011146783829 13.84
1385 0.006408874411135912 13.85
1386 0.005341510288417339 13.86
1387 0.00406008493155241 13.87
1388 0.002595141995698214 13.88
1389 0.0009708167635835707 13.89
1390 -0.0007823907653801143 13.9
1391 -0.002635411685332656 13.91
1392 -0.004562304355204105 13.92
1393 -0.006535458844155073 13.93
1394 -0.008530956692993641 13.94
1395 -0.01053651794791222 13.95
1396 -0.01253530755639076 13.96
1397 -0.01449379324913025 13.97
1398 -0.01639333926141262 13.98
1399 -0.01821322366595268 13.99
1400 -0.0199311152100563 14
1401 -0.02154184505343437 14.01
1402 -0.02302967570722103 14.02
1403 -0.02441160753369331 14.03
1404 -0.02569595724344254 14.04
1405 -0.0268408264964819 14.05
1406 -0.02781997248530388 14.06
1407 -0.02860004268586636 14.07
1408 -0.02917355112731457 14.08
1409 -0.02953745238482952 14.09
1410 -0.02965869568288326 14.1
1411 -0.02955938875675201 14.11
1412 -0.029250118881464 14.12
1413 -0.02873054333031178 14.13
1414 -0.02800756134092808 14.14
1415 -0.02707275561988354 14.15
1416 -0.02592410892248154 14.16
1417 -0.02456312999129295 14.17
1418 -0.02299428358674049 14.18
1419 -0.0212330874055624 14.19
1420 -0.01930877007544041 14.2
1421 -0.01726453378796577 14.21
1422 -0.01512253284454346 14.22
1423 -0.01290679257363081 14.23
1424 -0.01064026169478893 14.24
1425 -0.008349265903234482 14.25
1426 -0.006074431817978621 14.26
1427 -0.003850296372547746 14.27
1428 -0.001722613000310957 14.28
1429 0.0002636926365084946 14.29
1430 0.002069623209536076 14.3
1431 0.003667490556836128 14.31
1432 0.005034605972468853 14.32
1433 0.006155181676149368 14.33
1434 0.007036789320409298 14.34
1435 0.007670335005968809 14.35
1436 0.008041976019740105 14.36
1437 0.008134891279041767 14.37
1438 0.007927445694804192 14.38
1439 0.007424245122820139 14.39
1440 0.006649048533290625 14.4
1441 0.005633247084915638 14.41
1442 0.004399767611175776 14.42
1443 0.002975348616018891 14.43
1444 0.001383566064760089 14.44
1445 -0.0003470400406513363 14.45
1446 -0.002185491845011711 14.46
1447 -0.004103811457753181 14.47
1448 -0.006075021345168352 14.48
1449 -0.008073124103248119 14.49
1450 -0.01008205581456423 14.5
1451 -0.01209252700209618 14.51
1452 -0.01406788546591997 14.52
1453 -0.01598836667835712 14.53
1454 -0.01783430203795433 14.54
1455 -0.01958316750824451 14.55
1456 -0.02122301980853081 14.56
1457 -0.02274544350802898 14.57
1458 -0.02414271421730518 14.58
1459 -0.02545980550348759 14.59
1460 -0.02664363570511341 14.6
1461 -0.0276685506105423 14.61
1462 -0.028499411419034 14.62
1463 -0.02912275120615959 14.63
1464 -0.02953704260289669 14.64
1465 -0.02971409261226654 14.65
1466 -0.02966603450477123 14.66
1467 -0.0294058583676815 14.67
1468 -0.02893593721091747 14.68
1469 -0.02826129458844662 14.69
1470 -0.027375603094697 14.7
1471 -0.02627682499587536 14.71
1472 -0.02496200613677502 14.72
1473 -0.02343681082129478 14.73
1474 -0.02171553671360016 14.74
1475 -0.01982352323830128 14.75
1476 -0.01780419424176216 14.76
1477 -0.01567919738590717 14.77
1478 -0.01347225252538919 14.78
1479 -0.01120856218039989 14.79
1480 -0.00891402643173933 14.8
1481 -0.0066284304484725 14.81
1482 -0.004383685998618603 14.82
1483 -0.002222349867224693 14.83
1484 -0.0001936103071784601 14.84
1485 0.001663899631239474 14.85
1486 0.003315658774226904 14.86
1487 0.004741164389997721 14.87
1488 0.005919391289353371 14.88
1489 0.006854678504168987 14.89
1490 0.007545546162873507 14.9
1491 0.007982902228832245 14.91
1492 0.008143439888954163 14.92
1493 0.008001520298421383 14.93
1494 0.007560199126601219 14.94
1495 0.006842758040875196 14.95
1496 0.005878989584743977 14.96
1497 0.004691224545240402 14.97
1498 0.003305414924398065 14.98
1499 0.001747786183841527 14.99
1500 4.313357203500345e-05 15
1501 -0.00177712261211127 15.01
1502 -0.003682156093418598 15.02
1503 -0.005646370351314545 15.03
1504 -0.007642678450793028 15.04
1505 -0.009652184322476387 15.05
1506 -0.01166779827326536 15.06
1507 -0.01365567836910486 15.07
1508 -0.01559270359575748 15.08
1509 -0.01745966821908951 15.09
1510 -0.01923373341560364 15.1
1511 -0.02089827135205269 15.11
1512 -0.02244987897574902 15.12
1513 -0.02387020364403725 15.13
1514 -0.02521291188895702 15.14
1515 -0.02642882615327835 15.15
1516 -0.02749102562665939 15.16
1517 -0.02836569584906101 15.17
1518 -0.02903525903820992 15.18
1519 -0.02949442155659199 15.19
1520 -0.02972718887031078 15.2
1521 -0.0297277569770813 15.21
1522 -0.0295136347413063 15.22
1523 -0.02908913232386112 15.23
1524 -0.02845788188278675 15.24
1525 -0.02761727944016457 15.25
1526 -0.02656546980142593 15.26
1527 -0.02529650554060936 15.27
1528 -0.02381636574864388 15.28
1529 -0.02213470079004765 15.29
1530 -0.02027479745447636 15.3
1531 -0.01827834360301495 15.31
1532 -0.01616969890892506 15.32
1533 -0.01397495716810226 15.33
1534 -0.01171982195228338 15.34
1535 -0.009426598437130451 15.35
1536 -0.00713176466524601 15.36
1537 -0.004871203564107418 15.37
1538 -0.002684980863705277 15.38
1539 -0.0006243575480766594 15.39
1540 0.001274029607884586 15.4
1541 0.002970614470541477 15.41
1542 0.00444903876632452 15.42
1543 0.005683150142431259 15.43
1544 0.006667915731668472 15.44
1545 0.007419682573527098 15.45
1546 0.007914877496659756 15.46
1547 0.008136715739965439 15.47
1548 0.008057232014834881 15.48
1549 0.007676751352846622 15.49
1550 0.00701884413138032 15.5
1551 0.006105361972004175 15.51
1552 0.0049635861068964 15.52
1553 0.003615080844610929 15.53
1554 0.002089634537696838 15.54
1555 0.0004113527538720518 15.55
1556 -0.001387903816066682 15.56
1557 -0.00327728409320116 15.57
1558 -0.00523186894133687 15.58
1559 -0.00722402473911643 15.59
1560 -0.009232657961547375 15.6
1561 -0.01124959345906973 15.61
1562 -0.01324758306145668 15.62
1563 -0.01519821025431156 15.63
1564 -0.01708296127617359 15.64
1565 -0.01887894421815872 15.65
1566 -0.02056607231497765 15.66
1567 -0.02214426547288895 15.67
1568 -0.02359201014041901 15.68
1569 -0.02495411038398743 15.69
1570 -0.0261983796954155 15.7
1571 -0.02729395404458046 15.71
1572 -0.02821051701903343 15.72
1573 -0.02892311848700047 15.73
1574 -0.02942837402224541 15.74
1575 -0.02971520461142063 15.75
1576 -0.0297614149749279 15.76
1577 -0.02959102019667625 15.77
1578 -0.0292100366204977 15.78
1579 -0.02862081862986088 15.79
1580 -0.02782571874558926 15.8
1581 -0.0268180388957262 15.81
1582 -0.0255929809063673 15.82
1583 -0.02415686473250389 15.83
1584 -0.02251583710312843 15.84
1585 -0.02068897150456905 15.85
1586 -0.01871617324650288 15.86
1587 -0.01662604324519634 15.87
1588 -0.01444742269814014 15.88
1589 -0.01220384798943996 15.89
1590 -0.009916458278894424 15.9
1591 -0.007616828661412001 15.91
1592 -0.005344284698367119 15.92
1593 -0.003137870924547315 15.93
1594 -0.001048276550136507 15.94
1595 0.0008866544812917709 15.95
1596 0.002627014415338635 15.96
1597 0.00415444141253829 15.97
1598 0.005443539936095476 15.98
1599 0.006484169978648424 15.99
1600 0.007288738619536161 16
1601 0.00783988181501627 16.01
1602 0.008121669292449951 16.02
1603 0.008105628192424774 16.03
1604 0.007787834387272596 16.04
1605 0.007187794893980026 16.05
1606 0.006323693785816431 16.06
1607 0.0052262251265347 16.07
1608 0.003915265202522278 16.08
1609 0.002422516234219074 16.09
1610 0.0007722676964476705 16.1
1611 -0.001004255493171513 16.11
1612 -0.002877281047403812 16.12
1613 -0.004821387119591236 16.13
1614 -0.00680890865623951 16.14
1615 -0.008816592395305634 16.15
1616 -0.010833072476089 16.16
1617 -0.01283890847116709 16.17
1618 -0.01480142213404179 16.18
1619 -0.01670175790786743 16.19
1620 -0.01851855590939522 16.2
1621 -0.02023004367947578 16.21
1622 -0.02183303236961365 16.22
1623 -0.02330973744392395 16.23
1624 -0.02468539401888847 16.24
1625 -0.02595611661672592 16.25
1626 -0.02708489634096622 16.26
1627 -0.02804283425211906 16.27
1628 -0.02879928052425385 16.28
1629 -0.02934843674302101 16.29
1630 -0.02968557551503181 16.3
1631 -0.02977832034230232 16.31
1632 -0.02965143695473671 16.32
1633 -0.02931366488337517 16.33
1634 -0.0287654809653759 16.34
1635 -0.02801312878727913 16.35
1636 -0.02704843506217003 16.36
1637 -0.02586847357451916 16.37
1638 -0.02447661571204662 16.38
1639 -0.02287726104259491 16.39
1640 -0.02108665555715561 16.4
1641 -0.01913775131106377 16.41
1642 -0.01706964336335659 16.42
1643 -0.01490816194564104 16.43
1644 -0.01267680618911982 16.44
1645 -0.01039683632552624 16.45
1646 -0.008095822297036648 16.46
1647 -0.005814452655613422 16.47
1648 -0.003590499516576529 16.48
1649 -0.001471724826842546 16.49
1650 0.0005004157428629696 16.5
1651 0.002285715192556381 16.51
1652 0.003859933698549867 16.52
1653 0.005200054496526718 16.53
1654 0.006291432771831751 16.54
1655 0.007145282346755266 16.55
1656 0.007749193347990513 16.56
1657 0.008086472749710083 16.57
1658 0.008135200478136539 16.58
1659 0.007882536388933659 16.59
1660 0.007338495925068855 16.6
1661 0.00652451952919364 16.61
1662 0.005472380202263594 16.62
1663 0.004203573800623417 16.63
1664 0.002747161546722054 16.64
1665 0.001127578550949693 16.65
1666 -0.0006251393933780491 16.66
1667 -0.002481764648109674 16.67
1668 -0.004414950031787157 16.68
1669 -0.006396972574293613 16.69
1670 -0.008402781561017036 16.7
1671 -0.01041773427277803 16.71
1672 -0.01243004109710455 16.72
1673 -0.01440302655100822 16.73
1674 -0.01631759665906429 16.74
1675 -0.01815355196595192 16.75
1676 -0.01988892816007137 16.76
1677 -0.02151485905051231 16.77
1678 -0.02301923930644989 16.78
1679 -0.02440747432410717 16.79
1680 -0.02570579573512077 16.8
1681 -0.02686671353876591 16.81
1682 -0.02786465734243393 16.82
1683 -0.02866498380899429 16.83
1684 -0.02925724536180496 16.84
1685 -0.02963959239423275 16.85
1686 -0.02977976202964783 16.86
1687 -0.02969673275947571 16.87
1688 -0.02940314635634422 16.88
1689 -0.02889826521277428 16.89
1690 -0.02818922325968742 16.9
1691 -0.02726846747100353 16.91
1692 -0.02613362669944763 16.92
1693 -0.02478413470089436 16.93
1694 -0.02322501130402088 16.94
1695 -0.02147171087563038 16.95
1696 -0.01955097354948521 16.96
1697 -0.01750873029232025 16.97
1698 -0.01536567322909832 16.98
1699 -0.01314538903534412 16.99
1700 -0.0108720026910305 17
1701 -0.008572112768888474 17.01
1702 -0.006286433897912502 17.02
1703 -0.004047737922519445 17.03
1704 -0.001900832168757915 17.04
1705 0.0001069919599103741 17.05
1706 0.0019366848282516 17.06
1707 0.003558096010237932 17.07
1708 0.004948137328028679 17.08
1709 0.006089831702411175 17.09
1710 0.006990982219576836 17.1
1711 0.007642323151230812 17.11
1712 0.008035336621105671 17.12
1713 0.008147614076733589 17.13
1714 0.007957901805639267 17.14
1715 0.007469817064702511 17.15
1716 0.006707329768687487 17.16
1717 0.005701882764697075 17.17
1718 0.004476253408938646 17.18
1719 0.003057683352380991 17.19
1720 0.001471091760322452 17.2
1721 -0.0002571646473370492 17.21
1722 -0.002095831790938973 17.22
1723 -0.004015767015516758 17.23
1724 -0.005990304984152317 17.24
1725 -0.007992962375283241 17.25
1726 -0.01000677701085806 17.26
1727 -0.01202313788235188 17.27
1728 -0.01400584820657969 17.28
1729 -0.01593409106135368 17.29
1730 -0.01778840273618698 17.3
1731 -0.01954622752964497 17.31
1732 -0.02119416184723377 17.32
1733 -0.0227254256606102 17.33
1734 -0.02412735484540462 17.34
1735 -0.02545229345560074 17.35
1736 -0.02664513327181339 17.36
1737 -0.02768013626337051 17.37
1738 -0.0285219457000494 17.38
1739 -0.0291545782238245 17.39
1740 -0.02957896515727043 17.4
1741 -0.02976863645017147 17.41
1742 -0.02973100915551186 17.42
1743 -0.02948026917874813 17.43
1744 -0.02901950106024742 17.44
1745 -0.02835337817668915 17.45
1746 -0.02747645601630211 17.46
1747 -0.02638690546154976 17.47
1748 -0.02508051879703999 17.48
1749 -0.023563327267766 17.49
1750 -0.02184830978512764 17.5
1751 -0.01996026188135147 17.51
1752 -0.01794237457215786 17.52
1753 -0.01581720076501369 17.53
1754 -0.0136090824380517 17.54
1755 -0.01134328078478575 17.55
1756 -0.009045149199664593 17.56
1757 -0.006753625813871622 17.57
1758 -0.004501460585743189 17.58
1759 -0.00233069434762001 17.59
1760 -0.0002912381605710834 17.6
1761 0.001578554278239608 17.61
1762 0.003242557868361473 17.62
1763 0.004681531805545092 17.63
1764 0.005873001646250486 17.64
1765 0.006819394417107105 17.65
1766 0.007523128762841225 17.66
1767 0.007971230894327164 17.67
1768 0.008144653402268887 17.68
1769 0.008015350438654423 17.69
1770 0.007585244253277779 17.7
1771 0.006878155283629894 17.71
1772 0.005922458600252867 17.72
1773 0.004741359502077103 17.73
1774 0.003360414644703269 17.74
1775 0.001806675107218325 17.75
1776 0.0001045277967932634 17.76
1777 -0.001714426092803478 17.77
1778 -0.003619036171585321 17.78
1779 -0.005583970341831446 17.79
1780 -0.007581828162074089 17.8
1781 -0.00959319993853569 17.81
1782 -0.01161112822592258 17.82
1783 -0.01360279880464077 17.83
1784 -0.0155440466478467 17.84
1785 -0.01741573214530945 17.85
1786 -0.01919486559927464 17.86
1787 -0.02086413092911243 17.87
1788 -0.02242104150354862 17.88
1789 -0.02384611032903194 17.89
1790 -0.02519259043037891 17.9
1791 -0.02641366980969906 17.91
1792 -0.02748178318142891 17.92
1793 -0.02836376242339611 17.93
1794 -0.02904106862843037 17.94
1795 -0.02950777485966682 17.95
1796 -0.02974957972764969 17.96
1797 -0.02975754253566265 17.97
1798 -0.02955028787255287 17.98
1799 -0.0291324183344841 17.99
1800 -0.02850741520524025 18
1801 -0.02767358161509037 18.01
1802 -0.02662851475179195 18.02
1803 -0.02536595426499844 18.03
1804 -0.02389209903776646 18.04
1805 -0.02221584320068359 18.05
1806 -0.02035976573824883 18.06
1807 -0.01836570911109447 18.07
1808 -0.01625837385654449 18.08
1809 -0.01406458858400583 18.09
1810 -0.01180969271808863 18.1
1811 -0.00951551366597414 18.11
1812 -0.007217903155833483 18.12
1813 -0.004953416530042887 18.13
1814 -0.002761992160230875 18.14
1815 -0.000695096212439239 18.15
1816 0.001210550894029438 18.16
1817 0.002915400080382824 18.17
1818 0.004403114784508944 18.18
1819 0.005646997131407261 18.19
1820 0.006641171872615814 18.2
1821 0.007401927839964628 18.21
1822 0.007905527949333191 18.22
1823 0.008135979995131493 18.23
1824 0.008065555244684219 18.24
1825 0.007694011088460684 18.25
1826 0.007044429890811443 18.26
1827 0.006137541029602289 18.27
1828 0.005001519806683064 18.28
1829 0.003657530294731259 18.29
1830 0.002135758055374026 18.3
1831 0.0004603034758474678 18.31
1832 -0.00133687921334058 18.32
1833 -0.003225056221708655 18.33
1834 -0.005179229658097029 18.34
1835 -0.007171762175858021 18.35
1836 -0.009181270375847816 18.36
1837 -0.01119908411055803 18.37
1838 -0.01319912634789944 18.38
1839 -0.01515228673815727 18.39
1840 -0.01703997142612934 18.4
1841 -0.01883945614099503 18.41
1842 -0.02053046971559525 18.42
1843 -0.022112637758255 18.43
1844 -0.02356477826833725 18.44
1845 -0.02492911368608475 18.45
1846 -0.02617706917226315 18.46
1847 -0.02727716043591499 18.47
1848 -0.0281994491815567 18.48
1849 -0.0289180651307106 18.49
1850 -0.02942930161952972 18.5
1851 -0.02972325123846531 18.51
1852 -0.02977530285716057 18.52
1853 -0.02961048856377602 18.53
1854 -0.02923490665853024 18.54
1855 -0.02865074202418327 18.55
1856 -0.02786103636026382 18.56
1857 -0.02685883454978466 18.57
1858 -0.02563929557800293 18.58
1859 -0.02420858293771744 18.59
1860 -0.0225724708288908 18.6
1861 -0.02074949443340302 18.61
1862 -0.01877892017364502 18.62
1863 -0.01669071614742279 18.63
